A 	 1 	6 	 6 	4 	 4 	1 	 6 	4 	 4 	
A 	 2 	1 	 6 	4 	 1 	1 	 6 	1 	 1 	3 	 0 	1 	 6 	1 	 1 	1 	 0 	2 	 7 	
A 	 3 	1 	 6 	1 	 1 	1 	 0 	1 	 7 	1 	 5 	1 	 6 	1 	 1 	1 	 0 	1 	 7 	1 	 5 	1 	 6 	1 	 1 	1 	 0 	1 	 7 	1 	 5 	
A 	 4 	1 	 6 	1 	 1 	1 	 0 	1 	 7 	1 	 5 	1 	 6 	1 	 1 	1 	 0 	1 	 7 	1 	 5 	1 	 6 	1 	 1 	1 	 0 	1 	 7 	1 	 5 	
A 	 5 	1 	 6 	1 	 1 	1 	 0 	1 	 7 	1 	 5 	1 	 6 	1 	 1 	1 	 0 	1 	 7 	1 	 5 	1 	 6 	1 	 1 	1 	 0 	1 	 7 	1 	 5 	
A 	 6 	1 	 6 	1 	 1 	1 	 0 	1 	 7 	1 	 5 	1 	 6 	1 	 1 	1 	 0 	1 	 7 	1 	 5 	1 	 6 	1 	 1 	1 	 0 	1 	 7 	1 	 5 	
A 	 7 	1 	 6 	1 	 1 	1 	 0 	1 	 7 	1 	 5 	1 	 6 	1 	 1 	1 	 0 	1 	 7 	1 	 5 	1 	 6 	1 	 1 	1 	 0 	1 	 7 	1 	 5 	
A 	 8 	1 	 6 	1 	 1 	1 	 0 	1 	 7 	1 	 5 	1 	 6 	1 	 1 	1 	 0 	1 	 7 	1 	 5 	1 	 6 	1 	 1 	1 	 0 	1 	 7 	1 	 5 	
A 	 9 	1 	 6 	1 	 1 	1 	 0 	1 	 7 	1 	 5 	1 	 6 	1 	 1 	1 	 0 	1 	 7 	1 	 5 	1 	 6 	1 	 1 	1 	 0 	1 	 7 	1 	 5 	
A 	 10 	1 	 6 	1 	 1 	1 	 0 	1 	 7 	1 	 5 	1 	 6 	1 	 1 	1 	 0 	1 	 7 	1 	 5 	1 	 6 	1 	 1 	1 	 0 	1 	 7 	1 	 5 	
A 	 11 	1 	 6 	1 	 1 	1 	 0 	1 	 7 	1 	 5 	1 	 6 	1 	 1 	1 	 0 	2 	 7 	1 	 6 	1 	 1 	3 	 0 	
A 	 12 	1 	 6 	4 	 1 	10 	 6 	
B 	 1 	5 	 6 	10 	 4 	
B 	 2 	5 	 1 	5 	 0 	5 	 7 	
B 	 3 	5 	 5 	10 	 2 	
B 	 4 	1 	 5 	4 	 2 	2 	 5 	3 	 2 	2 	 5 	3 	 2 	
B 	 5 	2 	 5 	3 	 2 	2 	 5 	3 	 2 	2 	 5 	3 	 2 	
B 	 6 	2 	 5 	3 	 2 	2 	 5 	8 	 2 	
B 	 7 	5 	 2 	1 	 5 	4 	 2 	2 	 5 	3 	 2 	
B 	 8 	2 	 5 	3 	 2 	2 	 5 	3 	 2 	3 	 5 	2 	 2 	
B 	 9 	3 	 5 	2 	 2 	4 	 5 	1 	 2 	4 	 5 	1 	 2 	
B 	 10 	4 	 5 	1 	 2 	10 	 5 	
B 	 11 	5 	 5 	5 	 7 	5 	 0 	
B 	 12 	5 	 1 	10 	 6 	
C 	 1 	5 	 6 	10 	 4 	
C 	 2 	5 	 1 	5 	 0 	5 	 7 	
C 	 3 	5 	 5 	2 	 2 	3 	 5 	2 	 2 	3 	 5 	
C 	 4 	1 	 2 	14 	 5 	
C 	 5 	15 	 5 	
C 	 6 	5 	 5 	1 	 2 	3 	 5 	6 	 2 	
C 	 7 	6 	 2 	2 	 5 	2 	 2 	4 	 5 	1 	 2 	
C 	 8 	3 	 5 	3 	 2 	2 	 5 	3 	 2 	1 	 5 	3 	 2 	
C 	 9 	1 	 2 	1 	 5 	2 	 2 	1 	 5 	4 	 2 	1 	 5 	4 	 2 	1 	 5 	
C 	 10 	3 	 2 	2 	 5 	3 	 2 	2 	 5 	2 	 2 	3 	 5 	
C 	 11 	5 	 5 	5 	 7 	5 	 0 	
C 	 12 	5 	 1 	10 	 6 	
D 	 1 	5 	 6 	10 	 4 	
D 	 2 	5 	 1 	5 	 0 	5 	 7 	
D 	 3 	14 	 5 	1 	 2 	
D 	 4 	3 	 5 	2 	 2 	2 	 5 	3 	 2 	2 	 5 	3 	 2 	
D 	 5 	1 	 5 	4 	 2 	1 	 5 	4 	 2 	1 	 5 	3 	 2 	1 	 5 	
D 	 6 	7 	 2 	1 	 5 	4 	 2 	2 	 5 	1 	 2 	
D 	 7 	11 	 2 	2 	 5 	2 	 2 	
D 	 8 	1 	 2 	2 	 5 	2 	 2 	3 	 5 	2 	 2 	3 	 5 	2 	 2 	
D 	 9 	3 	 5 	2 	 2 	3 	 5 	2 	 2 	3 	 5 	2 	 2 	
D 	 10 	3 	 5 	2 	 2 	2 	 5 	3 	 2 	2 	 5 	3 	 2 	
D 	 11 	5 	 5 	5 	 7 	5 	 0 	
D 	 12 	5 	 1 	10 	 6 	
E 	 1 	5 	 6 	10 	 4 	
E 	 2 	5 	 1 	5 	 0 	5 	 7 	
E 	 3 	5 	 5 	10 	 2 	
E 	 4 	3 	 2 	1 	 5 	3 	 2 	3 	 5 	1 	 2 	4 	 5 	
E 	 5 	9 	 5 	1 	 2 	3 	 5 	2 	 2 	
E 	 6 	2 	 5 	13 	 2 	
E 	 7 	11 	 2 	4 	 5 	
E 	 8 	1 	 2 	4 	 5 	1 	 2 	2 	 5 	7 	 2 	
E 	 9 	6 	 2 	2 	 5 	3 	 2 	4 	 5 	
E 	 10 	1 	 2 	4 	 5 	10 	 2 	
E 	 11 	5 	 5 	5 	 7 	5 	 0 	
E 	 12 	5 	 1 	10 	 6 	
F 	 1 	5 	 6 	10 	 4 	
F 	 2 	5 	 1 	5 	 0 	5 	 7 	
F 	 3 	4 	 5 	1 	 7 	4 	 5 	1 	 7 	1 	 2 	3 	 5 	1 	 7 	
F 	 4 	2 	 2 	2 	 5 	1 	 7 	3 	 2 	1 	 5 	1 	 7 	3 	 2 	1 	 5 	1 	 7 	
F 	 5 	3 	 2 	1 	 5 	1 	 7 	3 	 2 	1 	 5 	1 	 7 	3 	 2 	1 	 5 	1 	 7 	
F 	 6 	2 	 2 	2 	 5 	1 	 7 	1 	 2 	3 	 5 	1 	 7 	4 	 5 	1 	 7 	
F 	 7 	3 	 2 	1 	 5 	1 	 7 	3 	 2 	1 	 5 	1 	 7 	1 	 5 	2 	 2 	1 	 5 	1 	 7 	
F 	 8 	4 	 5 	1 	 7 	4 	 5 	1 	 7 	4 	 5 	1 	 7 	
F 	 9 	4 	 5 	1 	 7 	4 	 5 	1 	 7 	1 	 5 	2 	 2 	1 	 5 	1 	 7 	
F 	 10 	1 	 5 	2 	 2 	1 	 5 	1 	 7 	3 	 2 	1 	 5 	1 	 7 	3 	 2 	1 	 5 	1 	 7 	
F 	 11 	4 	 5 	6 	 7 	5 	 0 	
F 	 12 	5 	 1 	10 	 6 	
G 	 1 	5 	 6 	10 	 4 	
G 	 2 	2 	 1 	3 	 4 	1 	 0 	1 	 1 	3 	 4 	1 	 0 	1 	 1 	3 	 4 	
G 	 3 	1 	 0 	3 	 7 	1 	 4 	10 	 7 	
G 	 4 	5 	 7 	1 	 0 	4 	 7 	1 	 0 	1 	 1 	3 	 7 	
G 	 5 	1 	 0 	1 	 1 	1 	 4 	2 	 7 	1 	 0 	1 	 1 	1 	 4 	2 	 7 	1 	 0 	1 	 1 	2 	 4 	1 	 7 	
G 	 6 	1 	 0 	1 	 1 	2 	 4 	1 	 7 	1 	 0 	1 	 1 	3 	 4 	1 	 0 	1 	 1 	3 	 4 	
G 	 7 	1 	 0 	1 	 1 	3 	 4 	1 	 0 	1 	 1 	3 	 4 	1 	 0 	1 	 1 	3 	 4 	
G 	 8 	1 	 0 	1 	 1 	3 	 4 	1 	 0 	1 	 1 	3 	 4 	1 	 0 	1 	 1 	3 	 4 	
G 	 9 	1 	 0 	1 	 1 	3 	 4 	1 	 0 	1 	 1 	3 	 4 	1 	 0 	1 	 1 	3 	 4 	
G 	 10 	1 	 0 	1 	 1 	3 	 4 	1 	 0 	1 	 1 	3 	 4 	1 	 0 	1 	 1 	3 	 4 	
G 	 11 	1 	 0 	1 	 1 	3 	 4 	1 	 0 	1 	 1 	3 	 4 	1 	 0 	1 	 1 	3 	 4 	
G 	 12 	2 	 1 	1 	 6 	1 	 4 	11 	 6 	
H 	 1 	5 	 6 	1 	 4 	4 	 2 	1 	 4 	1 	 2 	3 	 0 	
H 	 2 	1 	 4 	1 	 2 	1 	 0 	2 	 6 	1 	 4 	1 	 2 	1 	 0 	1 	 6 	1 	 0 	1 	 4 	1 	 2 	1 	 0 	1 	 6 	1 	 0 	
H 	 3 	1 	 4 	1 	 2 	1 	 0 	1 	 6 	1 	 0 	1 	 4 	1 	 2 	1 	 0 	1 	 6 	1 	 0 	1 	 4 	1 	 2 	1 	 0 	1 	 6 	1 	 0 	
H 	 4 	1 	 4 	1 	 2 	1 	 0 	2 	 6 	1 	 4 	1 	 2 	3 	 0 	1 	 7 	4 	 2 	
H 	 5 	1 	 7 	4 	 4 	2 	 7 	3 	 4 	2 	 7 	3 	 4 	
H 	 6 	3 	 7 	2 	 4 	4 	 7 	2 	 4 	4 	 7 	
H 	 7 	1 	 4 	4 	 7 	2 	 4 	3 	 7 	3 	 4 	2 	 7 	
H 	 8 	4 	 4 	1 	 7 	10 	 4 	
H 	 9 	15 	 4 	
H 	 10 	15 	 4 	
H 	 11 	15 	 4 	
H 	 12 	1 	 4 	1 	 6 	1 	 4 	1 	 6 	1 	 4 	10 	 6 	
I 	 1 	5 	 6 	5 	 2 	5 	 0 	
I 	 2 	2 	 6 	1 	 0 	2 	 6 	3 	 0 	1 	 6 	4 	 0 	1 	 6 	1 	 0 	
I 	 3 	3 	 0 	2 	 6 	10 	 0 	
I 	 4 	2 	 6 	1 	 0 	2 	 6 	5 	 0 	5 	 2 	
I 	 5 	8 	 4 	2 	 7 	2 	 4 	3 	 7 	
I 	 6 	2 	 4 	3 	 7 	2 	 4 	3 	 7 	2 	 4 	3 	 7 	
I 	 7 	1 	 7 	2 	 4 	12 	 7 	
I 	 8 	10 	 7 	1 	 4 	4 	 7 	
I 	 9 	1 	 4 	4 	 7 	1 	 4 	4 	 7 	1 	 4 	4 	 7 	
I 	 10 	1 	 4 	4 	 7 	1 	 4 	4 	 7 	1 	 4 	4 	 7 	
I 	 11 	2 	 4 	3 	 7 	2 	 4 	3 	 7 	1 	 4 	4 	 7 	
I 	 12 	1 	 6 	4 	 7 	1 	 6 	9 	 7 	
J 	 1 	5 	 6 	5 	 2 	5 	 0 	
J 	 2 	2 	 6 	1 	 0 	1 	 2 	4 	 0 	1 	 2 	4 	 0 	1 	 2 	1 	 0 	
J 	 3 	2 	 6 	1 	 0 	2 	 2 	1 	 0 	1 	 6 	4 	 0 	1 	 6 	3 	 0 	
J 	 4 	2 	 6 	8 	 0 	5 	 2 	
J 	 5 	5 	 4 	2 	 7 	3 	 4 	3 	 7 	2 	 4 	
J 	 6 	3 	 7 	2 	 4 	4 	 7 	1 	 4 	4 	 7 	1 	 4 	
J 	 7 	3 	 7 	2 	 4 	10 	 7 	
J 	 8 	15 	 7 	
J 	 9 	15 	 7 	
J 	 10 	15 	 7 	
J 	 11 	15 	 7 	
J 	 12 	15 	 7 	
K 	 1 	5 	 6 	5 	 2 	5 	 0 	
K 	 2 	1 	 0 	1 	 2 	4 	 0 	1 	 2 	2 	 0 	1 	 7 	1 	 0 	1 	 2 	1 	 0 	2 	 7 	
K 	 3 	2 	 2 	1 	 0 	2 	 7 	1 	 0 	1 	 2 	1 	 0 	2 	 7 	1 	 0 	1 	 2 	2 	 0 	1 	 7 	
K 	 4 	1 	 0 	1 	 2 	2 	 0 	1 	 7 	5 	 0 	5 	 2 	
K 	 5 	4 	 4 	1 	 7 	4 	 4 	1 	 7 	4 	 4 	1 	 7 	
K 	 6 	3 	 4 	2 	 7 	2 	 4 	3 	 7 	2 	 4 	3 	 7 	
K 	 7 	15 	 7 	
K 	 8 	4 	 7 	1 	 4 	3 	 7 	1 	 4 	1 	 1 	3 	 7 	2 	 1 	
K 	 9 	3 	 7 	1 	 4 	1 	 1 	3 	 7 	1 	 4 	1 	 1 	2 	 7 	2 	 4 	1 	 1 	
K 	 10 	2 	 7 	2 	 4 	1 	 1 	1 	 7 	3 	 4 	1 	 1 	1 	 7 	3 	 4 	1 	 1 	
K 	 11 	4 	 4 	1 	 1 	1 	 7 	3 	 4 	1 	 1 	1 	 7 	3 	 4 	1 	 1 	
K 	 12 	1 	 7 	1 	 6 	3 	 3 	1 	 7 	1 	 6 	3 	 3 	1 	 7 	4 	 6 	
L 	 1 	5 	 6 	5 	 2 	5 	 0 	
L 	 2 	4 	 0 	1 	 1 	2 	 7 	2 	 0 	1 	 1 	3 	 7 	1 	 0 	1 	 1 	
L 	 3 	3 	 7 	1 	 0 	1 	 1 	3 	 7 	1 	 0 	1 	 1 	3 	 7 	1 	 0 	1 	 1 	
L 	 4 	2 	 7 	2 	 0 	1 	 1 	2 	 7 	3 	 0 	2 	 7 	3 	 2 	
L 	 5 	2 	 7 	3 	 4 	2 	 7 	3 	 4 	2 	 7 	3 	 4 	
L 	 6 	2 	 7 	3 	 4 	2 	 7 	3 	 4 	2 	 7 	3 	 4 	
L 	 7 	1 	 7 	4 	 4 	1 	 7 	3 	 4 	1 	 1 	2 	 4 	2 	 1 	1 	 3 	
L 	 8 	2 	 1 	8 	 3 	5 	 1 	
L 	 9 	6 	 3 	2 	 1 	1 	 3 	1 	 1 	1 	 3 	2 	 1 	1 	 3 	1 	 1 	
L 	 10 	1 	 3 	2 	 1 	1 	 3 	1 	 1 	1 	 3 	2 	 1 	1 	 3 	1 	 1 	1 	 3 	2 	 1 	1 	 3 	1 	 1 	
L 	 11 	1 	 3 	2 	 1 	1 	 3 	1 	 1 	1 	 3 	2 	 1 	1 	 3 	4 	 1 	1 	 3 	1 	 1 	
L 	 12 	10 	 3 	5 	 6 	
M 	 1 	5 	 6 	5 	 2 	5 	 0 	
M 	 2 	3 	 1 	1 	 0 	1 	 1 	2 	 0 	1 	 1 	1 	 0 	1 	 1 	2 	 0 	1 	 1 	1 	 0 	1 	 1 	
M 	 3 	3 	 1 	1 	 0 	1 	 1 	4 	 0 	1 	 1 	4 	 0 	1 	 1 	
M 	 4 	4 	 0 	1 	 1 	5 	 0 	3 	 2 	1 	 0 	1 	 1 	
M 	 5 	2 	 4 	1 	 2 	2 	 0 	2 	 4 	3 	 2 	5 	 4 	
M 	 6 	13 	 4 	2 	 1 	
M 	 7 	1 	 4 	2 	 1 	2 	 3 	1 	 1 	9 	 3 	
M 	 8 	10 	 3 	5 	 1 	
M 	 9 	5 	 3 	1 	 1 	1 	 3 	2 	 1 	1 	 3 	1 	 1 	1 	 3 	2 	 1 	1 	 3 	
M 	 10 	1 	 1 	1 	 3 	2 	 1 	1 	 3 	1 	 1 	1 	 3 	2 	 1 	1 	 3 	1 	 1 	1 	 3 	2 	 1 	1 	 3 	
M 	 11 	1 	 1 	1 	 3 	2 	 1 	1 	 3 	1 	 1 	1 	 3 	2 	 1 	1 	 3 	1 	 1 	1 	 3 	2 	 1 	1 	 3 	
M 	 12 	10 	 3 	5 	 6 	
N 	 1 	5 	 6 	5 	 2 	5 	 0 	
N 	 2 	8 	 0 	1 	 1 	6 	 0 	
N 	 3 	2 	 1 	1 	 0 	1 	 1 	2 	 0 	1 	 1 	1 	 0 	1 	 1 	2 	 0 	1 	 1 	1 	 0 	1 	 1 	1 	 0 	
N 	 4 	1 	 0 	1 	 1 	1 	 0 	1 	 1 	6 	 0 	5 	 1 	
N 	 5 	5 	 0 	5 	 2 	5 	 4 	
N 	 6 	10 	 4 	5 	 1 	
N 	 7 	2 	 1 	5 	 3 	2 	 1 	5 	 3 	1 	 1 	
N 	 8 	10 	 3 	5 	 1 	
N 	 9 	5 	 3 	2 	 1 	1 	 3 	4 	 1 	1 	 3 	2 	 1 	
N 	 10 	2 	 1 	1 	 3 	4 	 1 	1 	 3 	4 	 1 	1 	 3 	2 	 1 	
N 	 11 	2 	 1 	1 	 3 	4 	 1 	1 	 3 	4 	 1 	1 	 3 	2 	 1 	
N 	 12 	10 	 3 	5 	 6 	
O 	 1 	5 	 6 	5 	 2 	5 	 0 	
O 	 2 	1 	 1 	1 	 0 	1 	 1 	2 	 0 	1 	 1 	1 	 0 	1 	 1 	2 	 0 	1 	 1 	1 	 0 	1 	 1 	2 	 0 	
O 	 3 	1 	 1 	1 	 0 	1 	 1 	1 	 0 	2 	 1 	1 	 0 	1 	 1 	1 	 0 	2 	 1 	1 	 0 	1 	 1 	1 	 0 	1 	 1 	
O 	 4 	1 	 1 	1 	 0 	1 	 1 	7 	 0 	5 	 1 	
O 	 5 	5 	 0 	5 	 2 	5 	 4 	
O 	 6 	10 	 4 	2 	 1 	3 	 4 	
O 	 7 	2 	 3 	2 	 1 	1 	 4 	4 	 3 	2 	 1 	4 	 3 	
O 	 8 	1 	 3 	2 	 1 	5 	 3 	7 	 1 	
O 	 9 	4 	 3 	1 	 1 	1 	 3 	2 	 1 	1 	 3 	1 	 1 	1 	 3 	2 	 1 	1 	 3 	1 	 1 	
O 	 10 	1 	 3 	2 	 1 	1 	 3 	1 	 1 	1 	 3 	2 	 1 	1 	 3 	1 	 1 	1 	 3 	2 	 1 	1 	 3 	1 	 1 	
O 	 11 	1 	 3 	2 	 1 	1 	 3 	1 	 1 	1 	 3 	2 	 1 	1 	 3 	1 	 1 	1 	 3 	4 	 1 	
O 	 12 	10 	 3 	5 	 6 	
P 	 1 	5 	 6 	5 	 2 	5 	 0 	
P 	 2 	4 	 0 	1 	 6 	4 	 0 	1 	 6 	4 	 0 	1 	 6 	
P 	 3 	1 	 0 	1 	 1 	2 	 0 	1 	 6 	1 	 0 	1 	 1 	2 	 0 	1 	 6 	2 	 1 	2 	 0 	1 	 6 	
P 	 4 	1 	 0 	1 	 1 	2 	 0 	1 	 6 	1 	 0 	1 	 1 	2 	 0 	1 	 6 	2 	 1 	2 	 0 	1 	 6 	
P 	 5 	5 	 0 	5 	 2 	5 	 4 	
P 	 6 	15 	 4 	
P 	 7 	5 	 4 	1 	 1 	4 	 4 	1 	 3 	2 	 1 	2 	 4 	
P 	 8 	3 	 3 	2 	 1 	5 	 3 	5 	 1 	
P 	 9 	4 	 3 	1 	 6 	4 	 3 	1 	 6 	4 	 3 	1 	 6 	
P 	 10 	4 	 3 	1 	 6 	3 	 3 	1 	 1 	1 	 6 	2 	 3 	1 	 1 	2 	 6 	
P 	 11 	1 	 3 	1 	 1 	3 	 6 	1 	 1 	9 	 6 	
P 	 12 	1 	 3 	4 	 6 	2 	 3 	8 	 6 	
Q 	 1 	5 	 6 	5 	 2 	5 	 0 	
Q 	 2 	11 	 6 	3 	 5 	1 	 6 	
Q 	 3 	3 	 6 	1 	 5 	2 	 6 	3 	 5 	2 	 6 	1 	 5 	3 	 6 	
Q 	 4 	1 	 6 	3 	 5 	11 	 6 	
Q 	 5 	5 	 0 	5 	 2 	5 	 4 	
Q 	 6 	14 	 4 	1 	 6 	
Q 	 7 	3 	 4 	2 	 6 	2 	 4 	3 	 6 	1 	 4 	4 	 6 	
Q 	 8 	14 	 6 	1 	 0 	
Q 	 9 	3 	 6 	1 	 0 	1 	 1 	2 	 6 	1 	 0 	2 	 1 	2 	 6 	1 	 0 	2 	 1 	
Q 	 10 	2 	 6 	1 	 0 	2 	 1 	3 	 6 	1 	 0 	1 	 1 	3 	 6 	1 	 0 	1 	 1 	
Q 	 11 	3 	 6 	1 	 0 	1 	 1 	4 	 6 	1 	 0 	4 	 6 	1 	 0 	
Q 	 12 	15 	 6 	
R 	 1 	5 	 6 	5 	 2 	5 	 0 	
R 	 2 	10 	 6 	3 	 5 	1 	 6 	1 	 5 	
R 	 3 	1 	 5 	1 	 6 	1 	 5 	2 	 6 	1 	 5 	1 	 6 	1 	 5 	1 	 6 	2 	 5 	1 	 6 	1 	 5 	1 	 6 	1 	 5 	
R 	 4 	3 	 5 	1 	 6 	1 	 5 	10 	 6 	
R 	 5 	5 	 0 	5 	 2 	5 	 4 	
R 	 6 	2 	 4 	11 	 6 	2 	 0 	
R 	 7 	2 	 6 	1 	 0 	2 	 7 	1 	 6 	1 	 0 	3 	 7 	1 	 6 	1 	 0 	3 	 7 	
R 	 8 	1 	 0 	3 	 1 	1 	 7 	1 	 0 	1 	 1 	3 	 0 	1 	 1 	2 	 0 	1 	 7 	1 	 0 	
R 	 9 	2 	 1 	3 	 0 	6 	 1 	1 	 7 	3 	 1 	
R 	 10 	1 	 1 	4 	 7 	3 	 1 	2 	 7 	4 	 1 	1 	 7 	
R 	 11 	15 	 1 	
R 	 12 	1 	 0 	4 	 1 	1 	 6 	2 	 0 	1 	 1 	1 	 0 	5 	 6 	
S 	 1 	5 	 6 	5 	 2 	5 	 0 	
S 	 2 	10 	 6 	2 	 5 	2 	 6 	1 	 5 	
S 	 3 	1 	 6 	1 	 5 	1 	 6 	4 	 5 	2 	 6 	1 	 5 	4 	 6 	1 	 5 	
S 	 4 	2 	 5 	2 	 6 	1 	 5 	10 	 6 	
S 	 5 	5 	 0 	5 	 2 	5 	 4 	
S 	 6 	5 	 6 	2 	 0 	3 	 6 	2 	 7 	2 	 0 	1 	 6 	
S 	 7 	4 	 7 	1 	 0 	10 	 7 	
S 	 8 	3 	 7 	4 	 1 	3 	 0 	2 	 1 	1 	 0 	1 	 7 	1 	 0 	
S 	 9 	2 	 1 	3 	 0 	10 	 1 	
S 	 10 	9 	 7 	1 	 1 	3 	 7 	2 	 1 	
S 	 11 	15 	 1 	
S 	 12 	8 	 1 	2 	 0 	5 	 6 	
T 	 1 	5 	 6 	4 	 2 	1 	 6 	3 	 0 	1 	 2 	1 	 6 	
T 	 2 	2 	 6 	1 	 0 	1 	 2 	3 	 6 	1 	 0 	1 	 2 	3 	 6 	1 	 0 	1 	 2 	1 	 6 	
T 	 3 	2 	 6 	1 	 0 	1 	 2 	3 	 6 	1 	 0 	1 	 2 	3 	 6 	1 	 0 	1 	 2 	1 	 6 	
T 	 4 	2 	 6 	1 	 0 	1 	 2 	3 	 6 	1 	 0 	1 	 2 	3 	 6 	1 	 0 	1 	 2 	1 	 6 	
T 	 5 	3 	 0 	1 	 2 	1 	 6 	4 	 2 	1 	 6 	4 	 4 	1 	 6 	
T 	 6 	4 	 4 	2 	 6 	3 	 4 	4 	 6 	1 	 4 	1 	 6 	
T 	 7 	5 	 6 	1 	 0 	4 	 6 	1 	 0 	4 	 6 	
T 	 8 	1 	 1 	1 	 0 	3 	 6 	2 	 1 	1 	 0 	2 	 6 	1 	 0 	2 	 1 	1 	 0 	1 	 6 	
T 	 9 	4 	 1 	1 	 0 	4 	 1 	1 	 0 	1 	 7 	4 	 1 	
T 	 10 	1 	 7 	3 	 1 	1 	 0 	4 	 1 	1 	 0 	4 	 1 	1 	 0 	
T 	 11 	3 	 1 	2 	 0 	3 	 1 	1 	 0 	1 	 6 	2 	 1 	2 	 0 	1 	 6 	
T 	 12 	1 	 1 	2 	 0 	2 	 6 	1 	 1 	1 	 0 	8 	 6 	
