A 	 1 	3 	 0 	1 	 5 	1 	 1 	1 	 0 	1 	 7 	3 	 5 	1 	 0 	1 	 5 	3 	 1 	
A 	 2 	1 	 0 	1 	 1 	3 	 5 	1 	 0 	2 	 5 	1 	 1 	1 	 5 	1 	 0 	2 	 1 	1 	 5 	1 	 1 	
A 	 3 	1 	 0 	4 	 5 	1 	 0 	4 	 5 	1 	 0 	3 	 5 	1 	 1 	
A 	 4 	1 	 0 	1 	 7 	1 	 5 	2 	 1 	1 	 0 	1 	 7 	1 	 5 	1 	 1 	1 	 5 	1 	 0 	2 	 7 	2 	 5 	
A 	 5 	1 	 0 	1 	 7 	3 	 8 	1 	 0 	1 	 7 	1 	 8 	2 	 11 	1 	 0 	1 	 7 	1 	 11 	1 	 8 	1 	 11 	
A 	 6 	1 	 0 	1 	 7 	1 	 8 	1 	 6 	1 	 11 	1 	 0 	1 	 7 	1 	 11 	1 	 8 	1 	 6 	1 	 0 	2 	 7 	1 	 11 	1 	 8 	
A 	 7 	1 	 0 	2 	 7 	1 	 11 	1 	 8 	1 	 0 	2 	 7 	1 	 11 	1 	 6 	1 	 0 	3 	 7 	1 	 11 	
A 	 8 	1 	 0 	4 	 7 	1 	 0 	4 	 7 	1 	 0 	3 	 7 	1 	 12 	
A 	 9 	1 	 0 	4 	 7 	1 	 0 	4 	 7 	1 	 0 	3 	 7 	1 	 12 	
A 	 10 	1 	 0 	4 	 7 	1 	 0 	4 	 7 	1 	 0 	3 	 7 	1 	 5 	
A 	 11 	1 	 0 	1 	 7 	13 	 5 	
A 	 12 	15 	 5 	
B 	 1 	3 	 1 	3 	 5 	3 	 1 	1 	 12 	3 	 5 	2 	 1 	
B 	 2 	2 	 1 	5 	 5 	1 	 1 	5 	 5 	1 	 1 	1 	 5 	
B 	 3 	1 	 1 	3 	 5 	1 	 6 	1 	 5 	1 	 1 	3 	 6 	1 	 1 	4 	 6 	
B 	 4 	1 	 1 	1 	 6 	3 	 11 	8 	 5 	2 	 0 	
B 	 5 	2 	 5 	2 	 0 	3 	 5 	1 	 0 	1 	 6 	1 	 11 	1 	 6 	1 	 5 	1 	 6 	2 	 8 	
B 	 6 	1 	 11 	1 	 5 	1 	 6 	2 	 8 	1 	 11 	1 	 6 	1 	 5 	2 	 6 	1 	 11 	2 	 6 	2 	 5 	
B 	 7 	1 	 8 	1 	 11 	1 	 6 	3 	 8 	1 	 11 	2 	 6 	2 	 8 	1 	 5 	1 	 11 	2 	 6 	
B 	 8 	2 	 5 	1 	 11 	2 	 6 	1 	 7 	1 	 5 	2 	 11 	1 	 6 	2 	 7 	1 	 0 	1 	 11 	1 	 6 	
B 	 9 	3 	 7 	1 	 11 	1 	 6 	3 	 7 	1 	 11 	1 	 6 	3 	 7 	1 	 5 	1 	 11 	
B 	 10 	2 	 7 	2 	 5 	1 	 11 	1 	 7 	2 	 5 	1 	 2 	1 	 8 	1 	 5 	1 	 1 	1 	 5 	1 	 2 	1 	 8 	
B 	 11 	2 	 1 	1 	 5 	2 	 2 	2 	 1 	2 	 5 	1 	 2 	3 	 1 	1 	 5 	1 	 2 	
B 	 12 	3 	 1 	1 	 5 	1 	 2 	4 	 1 	1 	 5 	4 	 1 	1 	 5 	
C 	 1 	1 	 2 	2 	 12 	1 	 2 	2 	 12 	2 	 5 	2 	 12 	1 	 1 	1 	 5 	2 	 12 	1 	 1 	
C 	 2 	5 	 1 	10 	 5 	
C 	 3 	5 	 8 	1 	 6 	4 	 8 	3 	 6 	2 	 8 	
C 	 4 	1 	 11 	3 	 6 	1 	 8 	3 	 5 	2 	 6 	2 	 0 	3 	 5 	
C 	 5 	2 	 5 	2 	 0 	3 	 5 	2 	 6 	1 	 5 	4 	 8 	1 	 5 	
C 	 6 	2 	 6 	2 	 8 	1 	 5 	2 	 8 	1 	 6 	1 	 5 	1 	 6 	3 	 5 	1 	 6 	1 	 8 	
C 	 7 	3 	 8 	1 	 6 	3 	 8 	1 	 6 	1 	 11 	3 	 6 	1 	 11 	1 	 6 	1 	 11 	
C 	 8 	1 	 6 	1 	 0 	9 	 6 	1 	 11 	1 	 0 	2 	 11 	
C 	 9 	3 	 6 	1 	 0 	1 	 11 	2 	 8 	2 	 6 	1 	 11 	1 	 6 	4 	 8 	
C 	 10 	1 	 0 	1 	 6 	3 	 8 	2 	 0 	1 	 11 	1 	 8 	1 	 6 	2 	 11 	2 	 0 	1 	 11 	
C 	 11 	1 	 12 	2 	 11 	2 	 0 	1 	 12 	4 	 11 	2 	 12 	2 	 11 	1 	 6 	
C 	 12 	1 	 2 	2 	 12 	1 	 11 	1 	 6 	1 	 2 	3 	 12 	1 	 11 	1 	 2 	3 	 12 	1 	 11 	
D 	 1 	3 	 12 	1 	 2 	5 	 12 	1 	 5 	3 	 1 	2 	 12 	
D 	 2 	5 	 1 	10 	 5 	
D 	 3 	15 	 8 	
D 	 4 	3 	 8 	2 	 6 	3 	 8 	1 	 6 	1 	 11 	3 	 6 	2 	 5 	
D 	 5 	4 	 5 	1 	 0 	1 	 6 	1 	 8 	1 	 5 	3 	 6 	1 	 8 	1 	 5 	2 	 8 	
D 	 6 	2 	 8 	1 	 6 	1 	 5 	3 	 8 	1 	 6 	1 	 5 	4 	 8 	1 	 11 	1 	 5 	
D 	 7 	3 	 8 	1 	 11 	1 	 6 	2 	 8 	1 	 11 	6 	 0 	1 	 6 	
D 	 8 	2 	 8 	7 	 6 	1 	 0 	2 	 11 	3 	 0 	
D 	 9 	4 	 0 	3 	 11 	2 	 6 	1 	 11 	4 	 8 	1 	 6 	
D 	 10 	3 	 8 	1 	 6 	1 	 11 	1 	 8 	2 	 6 	3 	 11 	1 	 0 	1 	 11 	2 	 0 	
D 	 11 	3 	 0 	1 	 11 	1 	 0 	4 	 11 	1 	 0 	2 	 6 	1 	 11 	1 	 0 	1 	 11 	
D 	 12 	1 	 6 	2 	 11 	1 	 0 	1 	 12 	1 	 6 	1 	 11 	1 	 0 	2 	 12 	1 	 5 	1 	 11 	1 	 0 	2 	 12 	
E 	 1 	1 	 12 	1 	 2 	2 	 5 	1 	 1 	1 	 5 	2 	 12 	6 	 1 	1 	 5 	
E 	 2 	1 	 1 	7 	 5 	2 	 1 	5 	 5 	
E 	 3 	1 	 6 	4 	 5 	1 	 8 	9 	 6 	
E 	 4 	4 	 11 	1 	 1 	5 	 5 	4 	 0 	1 	 5 	
E 	 5 	3 	 5 	2 	 0 	2 	 5 	1 	 11 	1 	 6 	1 	 0 	4 	 8 	1 	 6 	
E 	 6 	4 	 6 	5 	 8 	5 	 5 	1 	 0 	
E 	 7 	2 	 8 	1 	 6 	2 	 0 	4 	 6 	2 	 11 	1 	 6 	2 	 11 	1 	 0 	
E 	 8 	1 	 6 	2 	 11 	1 	 6 	1 	 0 	1 	 11 	3 	 6 	1 	 0 	3 	 6 	1 	 11 	1 	 0 	
E 	 9 	3 	 6 	2 	 0 	2 	 6 	1 	 11 	1 	 0 	1 	 5 	1 	 0 	1 	 11 	1 	 0 	1 	 11 	1 	 5 	
E 	 10 	1 	 11 	1 	 0 	2 	 11 	1 	 5 	2 	 0 	1 	 11 	1 	 8 	1 	 5 	2 	 0 	1 	 8 	1 	 2 	1 	 5 	
E 	 11 	1 	 11 	1 	 8 	2 	 2 	1 	 5 	1 	 11 	1 	 8 	1 	 2 	2 	 5 	1 	 12 	2 	 2 	2 	 5 	
E 	 12 	1 	 12 	2 	 2 	1 	 5 	1 	 1 	2 	 2 	2 	 5 	1 	 1 	1 	 2 	3 	 5 	1 	 1 	
F 	 1 	2 	 1 	1 	 5 	2 	 0 	3 	 5 	1 	 1 	1 	 6 	1 	 5 	2 	 1 	1 	 5 	1 	 7 	
F 	 2 	1 	 1 	3 	 5 	1 	 7 	2 	 5 	2 	 1 	1 	 7 	1 	 5 	1 	 1 	2 	 5 	1 	 12 	
F 	 3 	1 	 1 	3 	 5 	1 	 7 	2 	 1 	2 	 5 	1 	 7 	3 	 1 	1 	 5 	1 	 12 	
F 	 4 	4 	 1 	1 	 7 	2 	 5 	1 	 1 	1 	 6 	1 	 7 	3 	 5 	1 	 6 	1 	 12 	
F 	 5 	2 	 5 	2 	 6 	1 	 7 	1 	 5 	2 	 0 	1 	 6 	1 	 7 	1 	 5 	1 	 0 	1 	 11 	1 	 0 	1 	 12 	
F 	 6 	1 	 5 	1 	 0 	1 	 6 	1 	 0 	1 	 7 	2 	 0 	1 	 6 	2 	 7 	1 	 0 	1 	 11 	1 	 0 	1 	 7 	1 	 12 	
F 	 7 	1 	 0 	2 	 11 	2 	 7 	1 	 0 	1 	 6 	1 	 11 	2 	 7 	1 	 0 	1 	 11 	2 	 7 	1 	 12 	
F 	 8 	2 	 5 	3 	 7 	1 	 5 	8 	 7 	1 	 12 	
F 	 9 	10 	 7 	1 	 5 	3 	 7 	1 	 12 	
F 	 10 	2 	 5 	3 	 7 	4 	 5 	1 	 7 	1 	 1 	4 	 5 	
F 	 11 	1 	 1 	3 	 5 	2 	 1 	3 	 5 	2 	 1 	3 	 5 	1 	 1 	
F 	 12 	1 	 1 	4 	 5 	1 	 1 	4 	 5 	1 	 1 	4 	 5 	
G 	 1 	5 	 0 	5 	 6 	3 	 7 	2 	 8 	
G 	 2 	14 	 7 	1 	 12 	
G 	 3 	14 	 7 	1 	 12 	
G 	 4 	3 	 7 	1 	 8 	1 	 0 	2 	 7 	1 	 6 	2 	 0 	1 	 7 	1 	 8 	2 	 0 	1 	 12 	
G 	 5 	1 	 7 	2 	 0 	3 	 7 	1 	 0 	1 	 6 	2 	 7 	1 	 6 	1 	 0 	2 	 7 	1 	 12 	
G 	 6 	1 	 0 	1 	 6 	3 	 7 	1 	 6 	1 	 0 	3 	 7 	1 	 8 	1 	 0 	1 	 6 	1 	 7 	1 	 12 	
G 	 7 	1 	 7 	2 	 0 	3 	 7 	1 	 6 	1 	 0 	1 	 6 	3 	 7 	2 	 0 	1 	 6 	
G 	 8 	3 	 7 	2 	 0 	9 	 7 	1 	 12 	
G 	 9 	14 	 7 	1 	 12 	
G 	 10 	14 	 7 	1 	 12 	
G 	 11 	1 	 5 	4 	 7 	2 	 5 	3 	 7 	3 	 5 	1 	 7 	1 	 12 	
G 	 12 	1 	 1 	3 	 5 	1 	 7 	1 	 1 	3 	 5 	1 	 6 	1 	 1 	3 	 5 	1 	 0 	
H 	 1 	5 	 0 	5 	 6 	3 	 8 	1 	 2 	1 	 8 	
H 	 2 	3 	 8 	1 	 2 	1 	 8 	1 	 7 	1 	 8 	1 	 2 	1 	 8 	1 	 2 	3 	 7 	1 	 2 	1 	 8 	
H 	 3 	11 	 7 	2 	 0 	1 	 6 	1 	 12 	
H 	 4 	5 	 0 	1 	 8 	3 	 7 	1 	 6 	4 	 7 	1 	 12 	
H 	 5 	14 	 7 	1 	 12 	
H 	 6 	14 	 7 	1 	 12 	
H 	 7 	14 	 7 	1 	 12 	
H 	 8 	2 	 0 	1 	 6 	2 	 0 	1 	 6 	3 	 0 	1 	 6 	4 	 7 	1 	 12 	
H 	 9 	14 	 7 	1 	 12 	
H 	 10 	14 	 7 	1 	 12 	
H 	 11 	14 	 7 	1 	 12 	
H 	 12 	5 	 7 	5 	 6 	5 	 0 	
I 	 1 	5 	 0 	5 	 6 	1 	 8 	1 	 2 	2 	 8 	1 	 2 	
I 	 2 	1 	 8 	1 	 2 	2 	 8 	1 	 2 	1 	 8 	1 	 2 	1 	 8 	1 	 2 	2 	 8 	1 	 2 	2 	 8 	1 	 2 	
I 	 3 	1 	 2 	1 	 8 	1 	 2 	2 	 8 	1 	 7 	1 	 2 	1 	 7 	2 	 8 	5 	 7 	
I 	 4 	1 	 0 	4 	 7 	2 	 0 	1 	 8 	2 	 7 	1 	 0 	1 	 12 	1 	 0 	1 	 8 	1 	 12 	
I 	 5 	1 	 7 	1 	 0 	1 	 8 	11 	 7 	1 	 0 	
I 	 6 	3 	 7 	1 	 6 	1 	 0 	3 	 7 	2 	 0 	3 	 7 	1 	 6 	1 	 0 	
I 	 7 	4 	 7 	1 	 0 	1 	 7 	2 	 0 	2 	 7 	2 	 0 	1 	 6 	1 	 7 	1 	 12 	
I 	 8 	1 	 0 	1 	 6 	10 	 7 	1 	 8 	1 	 0 	1 	 8 	
I 	 9 	2 	 7 	1 	 0 	1 	 12 	1 	 0 	3 	 7 	1 	 0 	1 	 6 	4 	 7 	1 	 12 	
I 	 10 	14 	 7 	1 	 12 	
I 	 11 	14 	 7 	1 	 12 	
I 	 12 	5 	 7 	5 	 6 	5 	 0 	
J 	 1 	5 	 0 	5 	 6 	2 	 8 	1 	 2 	2 	 8 	
J 	 2 	2 	 8 	1 	 2 	2 	 8 	1 	 2 	1 	 8 	1 	 2 	1 	 8 	1 	 2 	2 	 8 	1 	 2 	2 	 8 	
J 	 3 	1 	 8 	1 	 2 	1 	 8 	1 	 2 	3 	 8 	1 	 2 	7 	 8 	
J 	 4 	2 	 7 	3 	 8 	4 	 7 	1 	 8 	4 	 7 	1 	 12 	
J 	 5 	2 	 7 	2 	 6 	1 	 8 	6 	 0 	1 	 6 	2 	 7 	1 	 8 	
J 	 6 	1 	 6 	9 	 7 	1 	 6 	3 	 7 	1 	 12 	
J 	 7 	2 	 0 	1 	 6 	2 	 7 	1 	 6 	4 	 0 	3 	 7 	1 	 6 	1 	 0 	
J 	 8 	14 	 7 	1 	 12 	
J 	 9 	1 	 6 	4 	 7 	2 	 0 	1 	 6 	1 	 8 	2 	 6 	4 	 0 	
J 	 10 	14 	 7 	1 	 12 	
J 	 11 	14 	 7 	1 	 12 	
J 	 12 	5 	 7 	5 	 6 	5 	 0 	
K 	 1 	5 	 0 	5 	 6 	1 	 2 	2 	 8 	1 	 2 	1 	 8 	
K 	 2 	1 	 2 	2 	 8 	1 	 2 	2 	 8 	1 	 2 	1 	 8 	1 	 2 	1 	 8 	1 	 2 	2 	 8 	1 	 2 	1 	 8 	
K 	 3 	2 	 8 	1 	 2 	1 	 8 	1 	 2 	3 	 8 	1 	 2 	6 	 8 	
K 	 4 	10 	 8 	2 	 7 	2 	 8 	1 	 12 	
K 	 5 	5 	 7 	1 	 0 	1 	 6 	2 	 7 	1 	 1 	3 	 0 	1 	 7 	1 	 12 	
K 	 6 	1 	 7 	1 	 6 	1 	 0 	11 	 7 	1 	 12 	
K 	 7 	5 	 7 	1 	 6 	4 	 7 	2 	 0 	1 	 8 	1 	 7 	1 	 12 	
K 	 8 	1 	 7 	2 	 0 	3 	 7 	1 	 6 	1 	 0 	1 	 8 	2 	 7 	1 	 6 	1 	 0 	1 	 8 	1 	 7 	
K 	 9 	1 	 7 	2 	 0 	2 	 7 	2 	 0 	1 	 8 	2 	 7 	1 	 0 	3 	 7 	1 	 12 	
K 	 10 	14 	 7 	1 	 12 	
K 	 11 	14 	 7 	1 	 12 	
K 	 12 	5 	 7 	5 	 6 	5 	 0 	
L 	 1 	5 	 0 	5 	 6 	1 	 8 	1 	 2 	2 	 8 	1 	 12 	
L 	 2 	1 	 8 	1 	 2 	3 	 8 	1 	 2 	1 	 8 	1 	 2 	3 	 8 	1 	 2 	2 	 8 	1 	 12 	
L 	 3 	13 	 8 	1 	 10 	1 	 1 	
L 	 4 	2 	 8 	3 	 5 	1 	 8 	1 	 10 	1 	 5 	1 	 10 	2 	 8 	1 	 1 	1 	 5 	1 	 8 	1 	 12 	
L 	 5 	10 	 5 	1 	 7 	1 	 1 	1 	 5 	1 	 8 	1 	 12 	
L 	 6 	1 	 7 	1 	 1 	1 	 5 	1 	 7 	1 	 8 	1 	 7 	1 	 1 	1 	 5 	3 	 7 	1 	 1 	1 	 5 	1 	 7 	1 	 12 	
L 	 7 	1 	 7 	1 	 1 	1 	 5 	3 	 7 	1 	 1 	1 	 5 	3 	 7 	1 	 1 	1 	 5 	1 	 7 	1 	 12 	
L 	 8 	1 	 7 	1 	 10 	1 	 5 	3 	 7 	1 	 5 	1 	 12 	1 	 5 	2 	 7 	1 	 10 	1 	 5 	1 	 10 	1 	 12 	
L 	 9 	14 	 7 	1 	 12 	
L 	 10 	4 	 7 	1 	 1 	9 	 7 	1 	 12 	
L 	 11 	14 	 7 	1 	 1 	
L 	 12 	5 	 7 	5 	 6 	5 	 0 	
M 	 1 	5 	 0 	5 	 6 	4 	 8 	1 	 12 	
M 	 2 	14 	 8 	1 	 12 	
M 	 3 	10 	 8 	1 	 1 	3 	 8 	1 	 12 	
M 	 4 	2 	 5 	3 	 8 	2 	 10 	7 	 8 	1 	 12 	
M 	 5 	4 	 8 	1 	 1 	1 	 10 	2 	 8 	2 	 5 	2 	 8 	2 	 5 	1 	 8 	
M 	 6 	2 	 8 	1 	 5 	1 	 10 	2 	 8 	1 	 1 	1 	 5 	2 	 8 	1 	 7 	1 	 1 	1 	 5 	1 	 10 	1 	 8 	
M 	 7 	1 	 7 	1 	 5 	1 	 12 	1 	 5 	1 	 8 	1 	 7 	1 	 10 	1 	 5 	2 	 8 	3 	 7 	1 	 1 	1 	 7 	
M 	 8 	3 	 7 	2 	 5 	4 	 7 	1 	 1 	4 	 7 	1 	 12 	
M 	 9 	14 	 7 	1 	 12 	
M 	 10 	4 	 1 	1 	 7 	1 	 1 	3 	 7 	2 	 1 	3 	 7 	1 	 1 	
M 	 11 	4 	 1 	1 	 7 	1 	 1 	4 	 7 	2 	 1 	2 	 7 	1 	 12 	
M 	 12 	5 	 7 	5 	 6 	5 	 0 	
N 	 1 	5 	 0 	5 	 6 	4 	 8 	1 	 12 	
N 	 2 	14 	 8 	1 	 12 	
N 	 3 	14 	 8 	1 	 12 	
N 	 4 	14 	 8 	1 	 12 	
N 	 5 	3 	 5 	1 	 10 	1 	 8 	1 	 5 	1 	 1 	2 	 5 	1 	 1 	3 	 8 	1 	 1 	1 	 5 	
N 	 6 	4 	 8 	1 	 5 	4 	 8 	1 	 1 	4 	 8 	1 	 10 	
N 	 7 	4 	 8 	1 	 1 	4 	 8 	1 	 5 	3 	 7 	1 	 1 	1 	 5 	
N 	 8 	3 	 1 	5 	 5 	1 	 10 	5 	 7 	1 	 12 	
N 	 9 	14 	 7 	1 	 12 	
N 	 10 	3 	 7 	2 	 1 	2 	 7 	1 	 1 	4 	 7 	1 	 1 	1 	 7 	1 	 12 	
N 	 11 	1 	 7 	4 	 1 	1 	 7 	1 	 1 	3 	 7 	3 	 1 	1 	 7 	1 	 12 	
N 	 12 	5 	 7 	5 	 6 	5 	 0 	
O 	 1 	5 	 0 	5 	 6 	4 	 8 	1 	 12 	
O 	 2 	14 	 8 	1 	 12 	
O 	 3 	14 	 8 	1 	 12 	
O 	 4 	7 	 8 	1 	 10 	1 	 5 	1 	 10 	2 	 8 	1 	 5 	1 	 12 	1 	 5 	
O 	 5 	2 	 8 	1 	 10 	2 	 5 	3 	 8 	2 	 5 	3 	 8 	2 	 5 	
O 	 6 	1 	 5 	2 	 8 	3 	 5 	2 	 8 	1 	 5 	1 	 1 	1 	 5 	2 	 8 	1 	 5 	1 	 1 	
O 	 7 	1 	 5 	2 	 8 	1 	 5 	1 	 1 	1 	 5 	2 	 8 	1 	 5 	1 	 1 	3 	 8 	1 	 5 	1 	 1 	
O 	 8 	2 	 7 	1 	 8 	1 	 5 	1 	 1 	3 	 7 	1 	 5 	1 	 1 	5 	 7 	
O 	 9 	15 	 7 	
O 	 10 	5 	 7 	1 	 1 	4 	 7 	1 	 1 	3 	 7 	1 	 12 	
O 	 11 	2 	 1 	4 	 7 	1 	 1 	3 	 7 	3 	 1 	1 	 7 	1 	 12 	
O 	 12 	5 	 7 	5 	 6 	5 	 0 	
P 	 1 	5 	 0 	5 	 6 	4 	 8 	1 	 12 	
P 	 2 	14 	 8 	1 	 12 	
P 	 3 	14 	 8 	1 	 12 	
P 	 4 	15 	 8 	
P 	 5 	1 	 8 	2 	 5 	1 	 10 	1 	 8 	3 	 5 	1 	 10 	1 	 8 	1 	 1 	4 	 8 	
P 	 6 	14 	 8 	1 	 9 	
P 	 7 	4 	 8 	1 	 9 	3 	 8 	1 	 3 	1 	 9 	3 	 8 	2 	 9 	
P 	 8 	3 	 8 	2 	 9 	2 	 8 	2 	 9 	3 	 8 	2 	 9 	1 	 8 	
P 	 9 	1 	 8 	2 	 9 	1 	 4 	1 	 8 	1 	 9 	1 	 8 	1 	 9 	1 	 4 	1 	 8 	1 	 3 	1 	 9 	2 	 3 	1 	 8 	
P 	 10 	4 	 7 	1 	 8 	4 	 7 	1 	 11 	5 	 7 	
P 	 11 	9 	 7 	1 	 11 	4 	 7 	1 	 11 	
P 	 12 	5 	 7 	5 	 6 	5 	 0 	
Q 	 1 	5 	 0 	5 	 6 	4 	 8 	1 	 12 	
Q 	 2 	14 	 8 	1 	 12 	
Q 	 3 	13 	 8 	2 	 9 	
Q 	 4 	3 	 8 	2 	 9 	2 	 8 	3 	 9 	2 	 8 	3 	 9 	
Q 	 5 	1 	 8 	1 	 4 	1 	 9 	1 	 8 	1 	 3 	1 	 8 	2 	 9 	3 	 8 	1 	 9 	1 	 4 	2 	 8 	
Q 	 6 	2 	 9 	3 	 8 	2 	 9 	3 	 8 	1 	 9 	4 	 8 	
Q 	 7 	5 	 9 	1 	 4 	8 	 8 	1 	 12 	
Q 	 8 	14 	 8 	1 	 12 	
Q 	 9 	15 	 8 	
Q 	 10 	1 	 11 	3 	 8 	1 	 11 	1 	 8 	1 	 11 	1 	 8 	1 	 11 	1 	 8 	1 	 7 	1 	 11 	1 	 8 	1 	 11 	1 	 8 	
Q 	 11 	1 	 11 	2 	 7 	1 	 11 	1 	 8 	3 	 7 	1 	 11 	1 	 7 	2 	 11 	2 	 7 	1 	 11 	
Q 	 12 	5 	 7 	5 	 6 	5 	 0 	
R 	 1 	5 	 0 	5 	 6 	4 	 8 	1 	 12 	
R 	 2 	14 	 8 	1 	 12 	
R 	 3 	14 	 8 	1 	 12 	
R 	 4 	5 	 8 	1 	 9 	4 	 8 	1 	 9 	3 	 8 	1 	 12 	
R 	 5 	1 	 9 	1 	 3 	3 	 8 	2 	 9 	3 	 8 	2 	 9 	2 	 8 	1 	 12 	
R 	 6 	1 	 8 	2 	 9 	3 	 8 	2 	 9 	3 	 8 	1 	 3 	1 	 9 	1 	 4 	1 	 12 	
R 	 7 	4 	 9 	3 	 8 	2 	 9 	4 	 8 	2 	 9 	
R 	 8 	3 	 8 	2 	 9 	3 	 8 	1 	 3 	1 	 9 	4 	 8 	1 	 12 	
R 	 9 	15 	 8 	
R 	 10 	3 	 8 	1 	 11 	1 	 8 	1 	 11 	1 	 8 	1 	 11 	1 	 8 	2 	 11 	3 	 8 	1 	 11 	
R 	 11 	1 	 11 	2 	 8 	1 	 11 	1 	 8 	1 	 11 	1 	 7 	1 	 11 	2 	 8 	2 	 7 	3 	 11 	
R 	 12 	5 	 7 	5 	 6 	5 	 0 	
S 	 1 	5 	 0 	5 	 6 	4 	 8 	1 	 12 	
S 	 2 	12 	 8 	1 	 3 	1 	 8 	1 	 12 	
S 	 3 	1 	 8 	1 	 3 	1 	 9 	1 	 3 	2 	 8 	1 	 9 	1 	 12 	1 	 9 	2 	 8 	1 	 3 	1 	 9 	1 	 4 	1 	 8 	
S 	 4 	2 	 8 	1 	 9 	1 	 3 	3 	 8 	1 	 9 	1 	 3 	3 	 8 	1 	 9 	1 	 3 	1 	 8 	
S 	 5 	2 	 8 	1 	 9 	1 	 3 	3 	 8 	1 	 9 	1 	 3 	3 	 8 	1 	 9 	1 	 3 	1 	 8 	
S 	 6 	2 	 8 	1 	 9 	1 	 3 	3 	 8 	1 	 9 	1 	 3 	3 	 8 	1 	 9 	1 	 3 	1 	 8 	
S 	 7 	2 	 8 	1 	 9 	1 	 3 	3 	 8 	1 	 9 	1 	 3 	3 	 8 	1 	 9 	1 	 3 	1 	 8 	
S 	 8 	2 	 8 	1 	 9 	1 	 3 	3 	 8 	1 	 9 	1 	 3 	3 	 8 	1 	 9 	1 	 3 	1 	 8 	
S 	 9 	2 	 8 	2 	 9 	1 	 4 	2 	 8 	3 	 9 	5 	 8 	
S 	 10 	2 	 8 	1 	 11 	3 	 8 	1 	 11 	1 	 8 	1 	 11 	4 	 8 	1 	 11 	1 	 8 	
S 	 11 	2 	 8 	1 	 11 	3 	 8 	1 	 11 	3 	 8 	1 	 7 	3 	 11 	1 	 8 	
S 	 12 	4 	 7 	1 	 8 	5 	 6 	5 	 0 	
T 	 1 	5 	 0 	5 	 6 	4 	 8 	1 	 12 	
T 	 2 	14 	 8 	1 	 12 	
T 	 3 	11 	 8 	2 	 9 	1 	 8 	1 	 12 	
T 	 4 	1 	 8 	2 	 9 	3 	 8 	2 	 9 	3 	 8 	2 	 9 	2 	 8 	
T 	 5 	1 	 8 	2 	 9 	3 	 8 	2 	 9 	3 	 8 	2 	 9 	1 	 8 	1 	 12 	
T 	 6 	1 	 8 	2 	 9 	3 	 8 	2 	 9 	3 	 8 	2 	 9 	1 	 8 	1 	 12 	
T 	 7 	1 	 8 	2 	 9 	3 	 8 	2 	 9 	3 	 8 	2 	 9 	2 	 8 	
T 	 8 	1 	 8 	4 	 9 	1 	 8 	4 	 9 	5 	 8 	
T 	 9 	5 	 4 	5 	 9 	5 	 8 	
T 	 10 	14 	 8 	1 	 12 	
T 	 11 	14 	 8 	1 	 12 	
T 	 12 	5 	 8 	5 	 6 	5 	 0 	
U 	 1 	5 	 0 	5 	 6 	2 	 8 	1 	 1 	2 	 8 	
U 	 2 	1 	 8 	4 	 5 	1 	 8 	4 	 5 	1 	 8 	4 	 5 	
U 	 3 	1 	 8 	4 	 5 	1 	 8 	4 	 5 	1 	 8 	4 	 5 	
U 	 4 	1 	 8 	14 	 5 	
U 	 5 	5 	 5 	9 	 8 	1 	 12 	
U 	 6 	14 	 8 	1 	 12 	
U 	 7 	14 	 8 	1 	 9 	
U 	 8 	4 	 9 	1 	 8 	3 	 9 	1 	 4 	1 	 9 	4 	 8 	1 	 12 	
U 	 9 	5 	 8 	1 	 4 	8 	 8 	1 	 5 	
U 	 10 	3 	 8 	1 	 5 	1 	 1 	2 	 8 	1 	 5 	2 	 1 	1 	 8 	1 	 5 	3 	 1 	
U 	 11 	2 	 8 	3 	 5 	9 	 8 	1 	 12 	
U 	 12 	5 	 8 	5 	 6 	5 	 0 	
V 	 1 	5 	 0 	5 	 6 	1 	 1 	4 	 8 	
V 	 2 	15 	 5 	
V 	 3 	15 	 5 	
V 	 4 	4 	 5 	1 	 8 	3 	 5 	2 	 8 	2 	 5 	3 	 8 	
V 	 5 	2 	 5 	2 	 8 	1 	 5 	3 	 8 	1 	 5 	1 	 1 	2 	 8 	1 	 5 	1 	 10 	1 	 1 	
V 	 6 	2 	 8 	1 	 5 	2 	 1 	2 	 8 	1 	 5 	1 	 1 	1 	 10 	2 	 8 	1 	 5 	1 	 1 	1 	 10 	
V 	 7 	2 	 8 	1 	 5 	1 	 1 	1 	 10 	2 	 8 	1 	 5 	2 	 1 	2 	 8 	1 	 5 	2 	 1 	
V 	 8 	1 	 9 	1 	 8 	1 	 5 	1 	 1 	1 	 10 	1 	 3 	1 	 8 	1 	 5 	1 	 1 	1 	 10 	1 	 8 	1 	 5 	2 	 1 	1 	 10 	
V 	 9 	1 	 8 	1 	 5 	2 	 1 	1 	 10 	1 	 5 	2 	 1 	2 	 10 	2 	 1 	3 	 10 	
V 	 10 	1 	 1 	4 	 10 	1 	 1 	4 	 10 	2 	 1 	3 	 10 	
V 	 11 	3 	 1 	2 	 10 	2 	 5 	1 	 1 	2 	 5 	2 	 8 	1 	 5 	2 	 8 	
V 	 12 	5 	 8 	5 	 6 	5 	 0 	
W 	 1 	5 	 0 	5 	 6 	1 	 1 	1 	 8 	1 	 1 	2 	 8 	
W 	 2 	1 	 1 	5 	 5 	1 	 1 	4 	 5 	1 	 1 	3 	 5 	
W 	 3 	1 	 5 	1 	 1 	5 	 5 	1 	 1 	2 	 5 	1 	 8 	1 	 5 	1 	 8 	2 	 1 	
W 	 4 	1 	 8 	1 	 5 	1 	 8 	2 	 1 	1 	 8 	1 	 5 	1 	 1 	2 	 10 	1 	 5 	4 	 10 	
W 	 5 	5 	 10 	2 	 1 	3 	 10 	1 	 1 	4 	 10 	
W 	 6 	1 	 10 	4 	 1 	10 	 10 	
W 	 7 	6 	 10 	1 	 5 	4 	 10 	1 	 8 	3 	 10 	
W 	 8 	1 	 10 	1 	 5 	4 	 10 	1 	 5 	4 	 10 	1 	 5 	3 	 10 	
W 	 9 	1 	 10 	1 	 5 	5 	 10 	1 	 5 	4 	 10 	1 	 5 	2 	 10 	
W 	 10 	3 	 10 	1 	 5 	4 	 10 	1 	 8 	5 	 10 	1 	 5 	
W 	 11 	5 	 10 	5 	 5 	3 	 8 	2 	 1 	
W 	 12 	5 	 8 	5 	 6 	5 	 0 	
X 	 1 	5 	 0 	5 	 6 	1 	 1 	1 	 8 	1 	 1 	2 	 8 	
X 	 2 	2 	 5 	1 	 1 	3 	 5 	1 	 1 	4 	 5 	1 	 1 	3 	 5 	
X 	 3 	1 	 5 	1 	 1 	3 	 5 	1 	 1 	4 	 5 	1 	 8 	1 	 5 	1 	 8 	2 	 5 	
X 	 4 	1 	 8 	1 	 5 	2 	 8 	1 	 5 	1 	 1 	1 	 5 	3 	 8 	1 	 10 	1 	 1 	1 	 5 	2 	 8 	
X 	 5 	1 	 10 	2 	 1 	1 	 5 	1 	 8 	1 	 1 	1 	 10 	2 	 1 	1 	 5 	1 	 10 	3 	 1 	1 	 10 	
X 	 6 	2 	 1 	2 	 10 	6 	 1 	1 	 10 	4 	 1 	
X 	 7 	2 	 10 	3 	 1 	2 	 10 	3 	 1 	2 	 10 	3 	 1 	
X 	 8 	2 	 10 	3 	 1 	3 	 10 	2 	 1 	3 	 10 	2 	 1 	
X 	 9 	4 	 10 	1 	 1 	4 	 10 	1 	 1 	4 	 10 	1 	 1 	
X 	 10 	14 	 10 	1 	 1 	
X 	 11 	1 	 5 	3 	 10 	1 	 1 	1 	 5 	1 	 8 	2 	 5 	1 	 1 	4 	 8 	1 	 5 	
X 	 12 	5 	 8 	5 	 6 	5 	 0 	
Y 	 1 	5 	 0 	5 	 6 	2 	 8 	1 	 1 	2 	 8 	
Y 	 2 	15 	 5 	
Y 	 3 	15 	 5 	
Y 	 4 	10 	 5 	1 	 8 	4 	 5 	
Y 	 5 	1 	 8 	4 	 5 	5 	 8 	1 	 5 	3 	 8 	1 	 12 	
Y 	 6 	1 	 5 	4 	 8 	1 	 5 	4 	 8 	1 	 5 	3 	 8 	1 	 12 	
Y 	 7 	1 	 5 	4 	 8 	1 	 5 	4 	 8 	1 	 5 	3 	 8 	1 	 12 	
Y 	 8 	1 	 5 	4 	 8 	1 	 5 	4 	 8 	1 	 1 	1 	 5 	2 	 8 	1 	 12 	
Y 	 9 	1 	 1 	1 	 5 	3 	 8 	2 	 1 	1 	 5 	2 	 8 	3 	 1 	1 	 5 	1 	 12 	
Y 	 10 	4 	 1 	1 	 5 	10 	 1 	
Y 	 11 	2 	 1 	5 	 5 	7 	 8 	1 	 12 	
Y 	 12 	5 	 8 	5 	 6 	5 	 0 	
Z 	 1 	5 	 0 	4 	 6 	1 	 0 	1 	 1 	2 	 8 	1 	 6 	1 	 0 	
Z 	 2 	2 	 5 	1 	 8 	1 	 6 	1 	 0 	2 	 5 	1 	 8 	1 	 6 	1 	 0 	2 	 5 	1 	 8 	1 	 6 	1 	 0 	
Z 	 3 	2 	 5 	1 	 8 	1 	 6 	1 	 0 	2 	 5 	1 	 8 	1 	 6 	1 	 0 	2 	 5 	1 	 8 	1 	 6 	1 	 0 	
Z 	 4 	2 	 5 	1 	 8 	1 	 6 	1 	 0 	3 	 5 	1 	 6 	1 	 0 	3 	 5 	1 	 6 	1 	 0 	
Z 	 5 	3 	 5 	1 	 6 	1 	 0 	3 	 8 	1 	 6 	1 	 0 	3 	 8 	1 	 6 	1 	 0 	
Z 	 6 	3 	 8 	1 	 6 	1 	 0 	3 	 8 	1 	 6 	1 	 0 	3 	 8 	1 	 6 	1 	 0 	
Z 	 7 	3 	 8 	1 	 6 	1 	 0 	3 	 8 	1 	 6 	1 	 0 	3 	 8 	1 	 6 	1 	 0 	
Z 	 8 	3 	 8 	1 	 6 	1 	 0 	3 	 8 	1 	 6 	1 	 0 	3 	 8 	1 	 6 	1 	 0 	
Z 	 9 	3 	 8 	1 	 6 	1 	 0 	3 	 8 	1 	 6 	1 	 0 	3 	 8 	1 	 6 	1 	 0 	
Z 	 10 	3 	 8 	1 	 6 	1 	 0 	1 	 5 	2 	 8 	1 	 6 	1 	 0 	1 	 1 	1 	 5 	1 	 8 	1 	 6 	1 	 0 	
Z 	 11 	1 	 5 	2 	 8 	1 	 6 	1 	 0 	3 	 8 	1 	 6 	1 	 0 	3 	 8 	1 	 6 	1 	 0 	
Z 	 12 	3 	 8 	1 	 6 	1 	 0 	4 	 6 	6 	 0 	
