A 	 1 	6 	 6 	4 	 8 	1 	 6 	4 	 8 	
A 	 2 	1 	 6 	4 	 8 	1 	 6 	2 	 8 	1 	 1 	1 	 8 	1 	 6 	4 	 8 	
A 	 3 	1 	 6 	4 	 8 	1 	 6 	3 	 8 	1 	 1 	1 	 6 	4 	 8 	
A 	 4 	1 	 6 	2 	 8 	1 	 1 	1 	 8 	1 	 6 	4 	 8 	1 	 6 	4 	 8 	
A 	 5 	1 	 6 	4 	 8 	1 	 6 	1 	 8 	1 	 1 	2 	 8 	1 	 6 	4 	 8 	
A 	 6 	1 	 6 	3 	 8 	1 	 1 	1 	 6 	4 	 8 	1 	 6 	2 	 8 	1 	 1 	1 	 8 	
A 	 7 	1 	 6 	4 	 8 	1 	 6 	4 	 8 	1 	 6 	4 	 8 	
A 	 8 	1 	 6 	4 	 8 	1 	 6 	2 	 8 	2 	 5 	1 	 6 	1 	 8 	1 	 0 	1 	 5 	1 	 6 	
A 	 9 	1 	 6 	1 	 0 	1 	 5 	3 	 6 	1 	 0 	1 	 5 	3 	 6 	1 	 0 	1 	 5 	1 	 6 	1 	 5 	
A 	 10 	1 	 6 	1 	 0 	1 	 5 	3 	 6 	1 	 0 	1 	 5 	3 	 6 	1 	 8 	1 	 0 	1 	 5 	1 	 6 	
A 	 11 	1 	 6 	2 	 8 	1 	 0 	1 	 5 	1 	 6 	3 	 8 	1 	 0 	1 	 6 	1 	 8 	1 	 1 	2 	 8 	
A 	 12 	1 	 6 	4 	 8 	1 	 6 	4 	 8 	5 	 6 	
B 	 1 	5 	 6 	5 	 8 	1 	 1 	4 	 8 	
B 	 2 	13 	 8 	1 	 1 	1 	 8 	
B 	 3 	3 	 8 	1 	 1 	11 	 8 	
B 	 4 	2 	 8 	1 	 1 	2 	 8 	1 	 1 	9 	 8 	
B 	 5 	8 	 8 	1 	 1 	4 	 8 	1 	 1 	1 	 8 	
B 	 6 	15 	 8 	
B 	 7 	2 	 8 	1 	 1 	12 	 8 	
B 	 8 	2 	 8 	5 	 5 	6 	 6 	2 	 5 	
B 	 9 	1 	 6 	2 	 5 	2 	 6 	1 	 5 	7 	 6 	2 	 5 	
B 	 10 	2 	 6 	1 	 5 	3 	 6 	1 	 5 	8 	 6 	
B 	 11 	4 	 6 	3 	 5 	3 	 6 	5 	 0 	
B 	 12 	1 	 1 	8 	 8 	1 	 1 	5 	 6 	
C 	 1 	5 	 6 	5 	 8 	1 	 1 	1 	 8 	1 	 1 	2 	 8 	
C 	 2 	9 	 8 	1 	 0 	3 	 8 	1 	 0 	1 	 5 	
C 	 3 	2 	 8 	1 	 0 	2 	 5 	2 	 8 	1 	 0 	2 	 5 	2 	 8 	1 	 0 	2 	 5 	
C 	 4 	3 	 8 	1 	 0 	1 	 5 	1 	 1 	2 	 8 	1 	 0 	1 	 5 	4 	 8 	1 	 0 	
C 	 5 	4 	 8 	1 	 7 	2 	 8 	1 	 0 	2 	 7 	2 	 8 	1 	 5 	1 	 0 	1 	 7 	
C 	 6 	2 	 8 	2 	 5 	1 	 0 	1 	 8 	3 	 5 	1 	 0 	1 	 8 	1 	 0 	3 	 5 	
C 	 7 	1 	 8 	1 	 7 	1 	 0 	2 	 5 	1 	 8 	1 	 7 	1 	 0 	2 	 5 	1 	 8 	2 	 7 	1 	 0 	1 	 5 	
C 	 8 	1 	 5 	1 	 0 	2 	 7 	1 	 0 	1 	 5 	1 	 6 	1 	 0 	2 	 7 	3 	 6 	1 	 0 	1 	 7 	
C 	 9 	2 	 6 	1 	 5 	1 	 6 	1 	 0 	2 	 5 	6 	 6 	1 	 5 	1 	 6 	
C 	 10 	2 	 6 	1 	 5 	3 	 6 	1 	 5 	2 	 6 	2 	 5 	3 	 6 	1 	 5 	
C 	 11 	4 	 6 	1 	 5 	2 	 6 	2 	 5 	1 	 8 	2 	 0 	3 	 8 	
C 	 12 	10 	 8 	5 	 6 	
D 	 1 	5 	 6 	3 	 8 	1 	 1 	6 	 8 	
D 	 2 	5 	 0 	10 	 5 	
D 	 3 	15 	 5 	
D 	 4 	3 	 5 	1 	 3 	7 	 5 	1 	 3 	3 	 5 	
D 	 5 	1 	 0 	4 	 5 	1 	 0 	4 	 5 	1 	 7 	1 	 0 	3 	 5 	
D 	 6 	2 	 7 	1 	 0 	2 	 5 	3 	 7 	1 	 0 	1 	 5 	1 	 0 	3 	 7 	1 	 0 	
D 	 7 	1 	 0 	3 	 7 	1 	 0 	1 	 5 	1 	 0 	3 	 7 	1 	 5 	1 	 0 	3 	 7 	
D 	 8 	1 	 5 	1 	 0 	3 	 7 	1 	 0 	1 	 5 	1 	 0 	2 	 7 	1 	 0 	1 	 5 	1 	 0 	2 	 7 	
D 	 9 	1 	 7 	2 	 0 	2 	 7 	1 	 0 	1 	 7 	1 	 5 	1 	 0 	1 	 7 	1 	 0 	1 	 7 	1 	 0 	1 	 5 	1 	 0 	
D 	 10 	1 	 5 	1 	 0 	1 	 5 	1 	 0 	10 	 8 	1 	 0 	
D 	 11 	1 	 8 	1 	 1 	13 	 8 	
D 	 12 	1 	 8 	1 	 1 	2 	 8 	1 	 1 	5 	 8 	5 	 6 	
E 	 1 	5 	 6 	9 	 8 	1 	 1 	
E 	 2 	2 	 0 	3 	 8 	2 	 5 	1 	 0 	2 	 8 	4 	 5 	1 	 8 	
E 	 3 	7 	 5 	1 	 3 	1 	 5 	2 	 3 	4 	 5 	
E 	 4 	3 	 5 	1 	 0 	1 	 7 	3 	 5 	2 	 7 	2 	 5 	1 	 0 	2 	 7 	
E 	 5 	1 	 5 	1 	 0 	2 	 7 	1 	 0 	1 	 5 	1 	 0 	2 	 7 	1 	 0 	1 	 5 	1 	 0 	1 	 7 	1 	 0 	1 	 5 	
E 	 6 	1 	 0 	2 	 7 	1 	 0 	2 	 5 	1 	 0 	1 	 7 	1 	 0 	2 	 5 	1 	 0 	1 	 7 	1 	 0 	1 	 5 	
E 	 7 	1 	 5 	1 	 0 	1 	 7 	1 	 0 	1 	 5 	1 	 0 	1 	 5 	1 	 7 	1 	 0 	1 	 5 	1 	 0 	1 	 5 	1 	 7 	1 	 0 	1 	 5 	
E 	 8 	1 	 0 	1 	 5 	2 	 7 	2 	 0 	1 	 5 	1 	 0 	1 	 7 	1 	 0 	1 	 7 	1 	 0 	1 	 5 	1 	 7 	1 	 0 	
E 	 9 	1 	 7 	1 	 0 	1 	 5 	1 	 0 	2 	 7 	1 	 0 	1 	 5 	1 	 0 	2 	 7 	1 	 0 	3 	 5 	
E 	 10 	1 	 5 	1 	 6 	4 	 5 	1 	 6 	1 	 5 	2 	 8 	1 	 5 	1 	 6 	1 	 5 	1 	 8 	1 	 1 	
E 	 11 	1 	 8 	1 	 0 	12 	 8 	1 	 1 	
E 	 12 	2 	 8 	1 	 1 	7 	 8 	5 	 6 	
F 	 1 	5 	 6 	10 	 8 	
F 	 2 	4 	 8 	1 	 1 	7 	 8 	1 	 1 	2 	 8 	
F 	 3 	5 	 8 	1 	 5 	5 	 0 	4 	 7 	
F 	 4 	3 	 7 	2 	 0 	1 	 7 	2 	 0 	2 	 5 	1 	 0 	4 	 5 	
F 	 5 	15 	 5 	
F 	 6 	8 	 5 	1 	 3 	3 	 5 	1 	 3 	2 	 7 	
F 	 7 	1 	 5 	1 	 3 	1 	 7 	2 	 3 	1 	 5 	1 	 7 	1 	 3 	1 	 0 	1 	 3 	1 	 5 	1 	 7 	3 	 3 	
F 	 8 	1 	 5 	1 	 3 	3 	 7 	10 	 5 	
F 	 9 	4 	 5 	1 	 0 	4 	 5 	2 	 0 	4 	 5 	
F 	 10 	1 	 5 	1 	 0 	3 	 5 	1 	 8 	1 	 5 	1 	 0 	3 	 5 	1 	 6 	2 	 5 	1 	 8 	
F 	 11 	1 	 0 	1 	 5 	6 	 8 	1 	 1 	6 	 8 	
F 	 12 	2 	 8 	1 	 1 	7 	 8 	5 	 6 	
G 	 1 	5 	 6 	10 	 8 	
G 	 2 	3 	 8 	1 	 1 	7 	 8 	1 	 1 	3 	 8 	
G 	 3 	10 	 8 	1 	 7 	2 	 8 	1 	 1 	1 	 8 	
G 	 4 	1 	 0 	1 	 5 	3 	 8 	4 	 5 	1 	 8 	5 	 5 	
G 	 5 	12 	 5 	1 	 3 	1 	 5 	1 	 7 	
G 	 6 	2 	 5 	1 	 3 	1 	 7 	1 	 3 	3 	 5 	3 	 3 	3 	 5 	1 	 3 	
G 	 7 	1 	 7 	1 	 3 	3 	 5 	2 	 7 	3 	 5 	1 	 7 	4 	 5 	
G 	 8 	15 	 5 	
G 	 9 	3 	 5 	5 	 0 	7 	 5 	
G 	 10 	8 	 5 	7 	 8 	
G 	 11 	6 	 8 	1 	 1 	8 	 8 	
G 	 12 	1 	 8 	1 	 1 	8 	 8 	5 	 6 	
H 	 1 	5 	 6 	7 	 8 	1 	 1 	2 	 8 	
H 	 2 	15 	 8 	
H 	 3 	1 	 1 	1 	 8 	3 	 0 	1 	 8 	1 	 0 	3 	 6 	1 	 8 	1 	 5 	2 	 6 	1 	 5 	
H 	 4 	1 	 8 	1 	 5 	2 	 6 	1 	 5 	1 	 8 	1 	 5 	1 	 6 	1 	 5 	1 	 6 	1 	 3 	2 	 6 	1 	 5 	1 	 6 	
H 	 5 	1 	 5 	1 	 3 	1 	 6 	1 	 5 	1 	 6 	2 	 5 	1 	 3 	1 	 5 	1 	 6 	1 	 7 	2 	 5 	1 	 3 	1 	 6 	
H 	 6 	1 	 3 	1 	 7 	2 	 5 	1 	 3 	1 	 0 	1 	 3 	1 	 7 	1 	 5 	3 	 3 	1 	 7 	2 	 5 	
H 	 7 	1 	 3 	1 	 7 	13 	 5 	
H 	 8 	3 	 5 	1 	 0 	2 	 5 	2 	 0 	2 	 5 	2 	 0 	2 	 5 	1 	 8 	
H 	 9 	1 	 0 	3 	 5 	1 	 8 	3 	 5 	2 	 8 	2 	 5 	3 	 8 	
H 	 10 	1 	 5 	7 	 8 	1 	 1 	1 	 8 	1 	 1 	4 	 8 	
H 	 11 	7 	 8 	1 	 1 	6 	 8 	1 	 1 	
H 	 12 	1 	 1 	9 	 8 	5 	 6 	
I 	 1 	5 	 6 	1 	 1 	7 	 8 	1 	 1 	1 	 8 	
I 	 2 	5 	 8 	1 	 1 	7 	 8 	1 	 1 	1 	 8 	
I 	 3 	1 	 0 	4 	 8 	1 	 6 	1 	 0 	3 	 8 	2 	 6 	1 	 0 	2 	 8 	
I 	 4 	3 	 6 	1 	 0 	1 	 8 	1 	 6 	1 	 5 	2 	 6 	1 	 0 	1 	 6 	1 	 5 	2 	 6 	1 	 0 	
I 	 5 	1 	 6 	1 	 5 	2 	 6 	1 	 0 	1 	 5 	3 	 6 	1 	 0 	2 	 6 	1 	 5 	1 	 6 	1 	 0 	
I 	 6 	1 	 6 	1 	 5 	2 	 6 	1 	 0 	3 	 6 	1 	 0 	1 	 8 	1 	 3 	2 	 5 	2 	 8 	
I 	 7 	3 	 8 	1 	 1 	7 	 8 	1 	 1 	3 	 8 	
I 	 8 	13 	 8 	1 	 1 	1 	 8 	
I 	 9 	6 	 8 	1 	 1 	4 	 8 	1 	 1 	3 	 8 	
I 	 10 	14 	 8 	1 	 1 	
I 	 11 	1 	 8 	1 	 1 	13 	 8 	
I 	 12 	2 	 8 	1 	 1 	7 	 8 	5 	 6 	
J 	 1 	6 	 6 	4 	 7 	1 	 6 	4 	 2 	
J 	 2 	1 	 6 	1 	 2 	3 	 3 	1 	 6 	1 	 2 	1 	 3 	2 	 2 	1 	 6 	1 	 2 	1 	 3 	2 	 2 	
J 	 3 	1 	 6 	1 	 2 	1 	 3 	2 	 2 	1 	 6 	1 	 2 	3 	 3 	1 	 6 	4 	 2 	
J 	 4 	1 	 6 	4 	 7 	1 	 6 	4 	 9 	1 	 6 	1 	 9 	3 	 1 	
J 	 5 	1 	 6 	1 	 9 	1 	 1 	1 	 9 	1 	 1 	1 	 6 	1 	 9 	3 	 1 	1 	 6 	1 	 9 	1 	 1 	2 	 9 	
J 	 6 	1 	 6 	1 	 9 	1 	 1 	2 	 9 	1 	 6 	4 	 9 	1 	 6 	4 	 7 	
J 	 7 	1 	 6 	4 	 3 	1 	 6 	1 	 3 	1 	 7 	2 	 3 	1 	 6 	1 	 3 	1 	 7 	2 	 3 	
J 	 8 	1 	 6 	1 	 3 	1 	 7 	1 	 3 	1 	 7 	1 	 6 	2 	 3 	1 	 7 	1 	 3 	1 	 6 	2 	 3 	1 	 7 	1 	 3 	
J 	 9 	1 	 6 	4 	 3 	1 	 6 	4 	 7 	1 	 6 	4 	 1 	
J 	 10 	1 	 6 	4 	 1 	1 	 6 	4 	 1 	1 	 6 	4 	 1 	
J 	 11 	1 	 6 	4 	 1 	1 	 6 	4 	 1 	1 	 6 	4 	 1 	
J 	 12 	1 	 6 	4 	 7 	1 	 6 	4 	 7 	5 	 6 	
K 	 1 	5 	 6 	5 	 7 	5 	 2 	
K 	 2 	1 	 2 	3 	 3 	2 	 2 	1 	 3 	4 	 2 	3 	 3 	1 	 2 	
K 	 3 	3 	 2 	1 	 3 	2 	 2 	3 	 3 	6 	 2 	
K 	 4 	5 	 7 	6 	 9 	1 	 1 	1 	 9 	1 	 1 	1 	 9 	
K 	 5 	1 	 9 	1 	 1 	1 	 9 	1 	 1 	2 	 9 	3 	 1 	2 	 9 	1 	 1 	1 	 9 	1 	 1 	1 	 9 	
K 	 6 	1 	 9 	1 	 1 	1 	 9 	1 	 1 	6 	 9 	5 	 7 	
K 	 7 	6 	 3 	1 	 7 	1 	 3 	2 	 7 	1 	 3 	1 	 7 	1 	 3 	1 	 7 	1 	 3 	
K 	 8 	1 	 3 	1 	 7 	1 	 3 	3 	 7 	2 	 3 	1 	 7 	1 	 3 	1 	 7 	2 	 3 	2 	 7 	
K 	 9 	5 	 3 	5 	 7 	5 	 1 	
K 	 10 	2 	 1 	3 	 7 	4 	 1 	1 	 7 	2 	 1 	3 	 7 	
K 	 11 	2 	 1 	1 	 7 	4 	 1 	3 	 7 	5 	 1 	
K 	 12 	10 	 7 	5 	 6 	
L 	 1 	5 	 6 	5 	 7 	5 	 2 	
L 	 2 	2 	 2 	1 	 3 	1 	 2 	1 	 3 	2 	 2 	1 	 3 	1 	 2 	1 	 3 	2 	 2 	3 	 3 	
L 	 3 	4 	 2 	1 	 3 	4 	 2 	1 	 3 	5 	 2 	
L 	 4 	5 	 7 	5 	 9 	1 	 1 	1 	 9 	1 	 1 	2 	 9 	
L 	 5 	1 	 1 	1 	 9 	1 	 1 	2 	 9 	1 	 1 	1 	 9 	1 	 1 	2 	 9 	1 	 1 	1 	 9 	1 	 1 	2 	 9 	
L 	 6 	1 	 1 	1 	 9 	3 	 1 	5 	 9 	5 	 7 	
L 	 7 	5 	 3 	1 	 7 	1 	 3 	3 	 7 	2 	 3 	1 	 7 	2 	 3 	
L 	 8 	2 	 3 	2 	 7 	3 	 3 	1 	 7 	2 	 3 	1 	 7 	1 	 3 	3 	 7 	
L 	 9 	5 	 3 	5 	 7 	5 	 1 	
L 	 10 	1 	 1 	3 	 7 	2 	 1 	1 	 7 	1 	 1 	1 	 7 	2 	 1 	1 	 7 	1 	 1 	1 	 7 	1 	 1 	
L 	 11 	1 	 1 	1 	 7 	1 	 1 	1 	 7 	2 	 1 	3 	 7 	6 	 1 	
L 	 12 	10 	 7 	5 	 6 	
M 	 1 	5 	 6 	5 	 7 	5 	 2 	
M 	 2 	15 	 2 	
M 	 3 	15 	 2 	
M 	 4 	5 	 7 	6 	 9 	1 	 1 	2 	 9 	1 	 1 	
M 	 5 	1 	 9 	1 	 1 	2 	 9 	1 	 1 	1 	 9 	1 	 1 	2 	 9 	1 	 1 	1 	 9 	1 	 1 	3 	 9 	
M 	 6 	1 	 9 	3 	 1 	6 	 9 	5 	 7 	
M 	 7 	6 	 3 	1 	 7 	2 	 3 	1 	 7 	1 	 3 	1 	 7 	1 	 3 	1 	 7 	1 	 3 	
M 	 8 	1 	 3 	2 	 7 	3 	 3 	1 	 7 	1 	 3 	1 	 7 	2 	 3 	1 	 7 	2 	 3 	1 	 7 	
M 	 9 	5 	 3 	5 	 7 	5 	 1 	
M 	 10 	3 	 7 	1 	 1 	1 	 7 	2 	 1 	1 	 7 	2 	 1 	3 	 7 	1 	 1 	1 	 7 	
M 	 11 	1 	 7 	3 	 1 	4 	 7 	1 	 1 	1 	 7 	5 	 1 	
M 	 12 	10 	 7 	5 	 6 	
N 	 1 	5 	 6 	3 	 7 	1 	 6 	1 	 3 	3 	 2 	1 	 6 	1 	 3 	
N 	 2 	3 	 2 	1 	 6 	1 	 3 	3 	 2 	1 	 6 	1 	 3 	3 	 2 	1 	 6 	1 	 3 	
N 	 3 	3 	 2 	1 	 6 	1 	 3 	3 	 2 	1 	 6 	1 	 3 	3 	 2 	1 	 6 	1 	 3 	
N 	 4 	3 	 7 	1 	 6 	1 	 3 	3 	 9 	1 	 6 	1 	 3 	1 	 9 	1 	 1 	1 	 9 	1 	 6 	1 	 3 	
N 	 5 	1 	 9 	1 	 1 	1 	 9 	1 	 6 	1 	 3 	2 	 1 	1 	 9 	1 	 6 	1 	 3 	1 	 1 	2 	 9 	1 	 6 	1 	 3 	
N 	 6 	1 	 1 	2 	 9 	1 	 6 	1 	 3 	3 	 9 	1 	 6 	1 	 3 	3 	 7 	1 	 6 	1 	 3 	
N 	 7 	3 	 3 	1 	 6 	4 	 3 	1 	 6 	4 	 3 	1 	 6 	1 	 3 	
N 	 8 	3 	 3 	1 	 6 	4 	 3 	1 	 6 	4 	 3 	1 	 6 	1 	 3 	
N 	 9 	3 	 3 	1 	 6 	1 	 3 	3 	 7 	1 	 6 	1 	 3 	3 	 1 	1 	 6 	1 	 3 	
N 	 10 	2 	 7 	1 	 1 	1 	 6 	1 	 3 	1 	 1 	1 	 7 	1 	 1 	1 	 6 	1 	 3 	2 	 7 	1 	 1 	1 	 6 	1 	 3 	
N 	 11 	3 	 1 	1 	 6 	1 	 3 	2 	 7 	1 	 1 	1 	 6 	1 	 3 	3 	 1 	1 	 6 	1 	 3 	
N 	 12 	3 	 7 	1 	 6 	1 	 3 	3 	 7 	1 	 6 	1 	 3 	5 	 6 	
O 	 1 	5 	 6 	8 	 3 	1 	 5 	1 	 3 	
O 	 2 	11 	 3 	1 	 5 	3 	 3 	
O 	 3 	15 	 3 	
O 	 4 	1 	 3 	1 	 5 	2 	 3 	1 	 5 	10 	 3 	
O 	 5 	5 	 3 	1 	 5 	8 	 3 	1 	 9 	
O 	 6 	4 	 3 	1 	 9 	3 	 3 	1 	 9 	1 	 4 	2 	 3 	2 	 9 	1 	 3 	
O 	 7 	1 	 3 	2 	 9 	2 	 3 	5 	 9 	4 	 3 	1 	 9 	
O 	 8 	10 	 3 	1 	 5 	3 	 3 	1 	 9 	
O 	 9 	7 	 3 	1 	 5 	7 	 3 	
O 	 10 	12 	 3 	1 	 5 	1 	 3 	1 	 5 	
O 	 11 	9 	 3 	1 	 4 	4 	 3 	1 	 7 	
O 	 12 	10 	 3 	5 	 6 	
P 	 1 	5 	 6 	9 	 3 	1 	 5 	
P 	 2 	10 	 3 	1 	 5 	2 	 3 	1 	 9 	1 	 8 	
P 	 3 	3 	 3 	2 	 9 	2 	 3 	3 	 9 	2 	 3 	2 	 9 	1 	 4 	
P 	 4 	1 	 3 	2 	 9 	1 	 4 	1 	 7 	1 	 3 	1 	 9 	1 	 4 	2 	 7 	2 	 9 	1 	 4 	2 	 7 	
P 	 5 	2 	 9 	1 	 4 	2 	 7 	2 	 9 	1 	 4 	2 	 7 	3 	 9 	1 	 4 	1 	 7 	
P 	 6 	12 	 9 	3 	 4 	
P 	 7 	1 	 4 	1 	 9 	1 	 4 	2 	 7 	1 	 3 	2 	 9 	1 	 4 	1 	 7 	1 	 9 	1 	 4 	2 	 9 	1 	 4 	
P 	 8 	1 	 3 	1 	 9 	2 	 4 	3 	 9 	2 	 3 	1 	 4 	2 	 9 	2 	 3 	1 	 9 	
P 	 9 	1 	 9 	2 	 3 	2 	 9 	3 	 3 	1 	 9 	4 	 3 	2 	 9 	
P 	 10 	3 	 3 	2 	 9 	4 	 3 	1 	 9 	4 	 3 	1 	 9 	
P 	 11 	4 	 3 	1 	 9 	5 	 4 	2 	 9 	1 	 7 	2 	 4 	
P 	 12 	10 	 3 	5 	 6 	
Q 	 1 	5 	 6 	10 	 3 	
Q 	 2 	3 	 3 	2 	 8 	1 	 3 	9 	 8 	
Q 	 3 	3 	 9 	2 	 8 	2 	 4 	3 	 9 	2 	 7 	1 	 4 	2 	 9 	
Q 	 4 	3 	 7 	1 	 4 	1 	 9 	4 	 7 	1 	 4 	1 	 7 	2 	 8 	1 	 7 	1 	 4 	
Q 	 5 	4 	 8 	1 	 4 	4 	 8 	1 	 9 	1 	 7 	2 	 8 	1 	 9 	1 	 4 	
Q 	 6 	1 	 9 	3 	 4 	1 	 7 	2 	 4 	8 	 7 	
Q 	 7 	4 	 7 	1 	 4 	3 	 7 	5 	 4 	2 	 9 	
Q 	 8 	6 	 9 	4 	 4 	1 	 9 	4 	 3 	
Q 	 9 	11 	 3 	1 	 5 	3 	 3 	
Q 	 10 	10 	 3 	1 	 9 	4 	 3 	
Q 	 11 	1 	 9 	2 	 3 	1 	 5 	1 	 3 	2 	 4 	3 	 3 	2 	 4 	3 	 3 	
Q 	 12 	10 	 3 	5 	 6 	
R 	 1 	5 	 6 	6 	 3 	1 	 5 	3 	 3 	
R 	 2 	2 	 8 	3 	 3 	3 	 8 	2 	 3 	4 	 8 	1 	 3 	
R 	 3 	4 	 8 	1 	 3 	4 	 9 	1 	 3 	5 	 9 	
R 	 4 	15 	 9 	
R 	 5 	2 	 9 	2 	 4 	2 	 9 	1 	 4 	1 	 7 	1 	 4 	1 	 9 	1 	 4 	2 	 7 	1 	 4 	1 	 9 	
R 	 6 	2 	 7 	1 	 4 	2 	 9 	2 	 7 	1 	 4 	2 	 9 	1 	 7 	1 	 4 	3 	 9 	
R 	 7 	1 	 4 	13 	 9 	1 	 4 	
R 	 8 	2 	 9 	2 	 4 	1 	 3 	2 	 4 	8 	 3 	
R 	 9 	1 	 3 	1 	 5 	13 	 3 	
R 	 10 	4 	 3 	1 	 5 	1 	 3 	1 	 5 	8 	 3 	
R 	 11 	15 	 3 	
R 	 12 	10 	 3 	5 	 6 	
S 	 1 	5 	 6 	5 	 3 	1 	 5 	1 	 3 	1 	 9 	2 	 3 	
S 	 2 	2 	 3 	1 	 9 	2 	 3 	3 	 9 	2 	 3 	3 	 9 	2 	 3 	
S 	 3 	4 	 9 	2 	 3 	4 	 9 	4 	 3 	1 	 9 	
S 	 4 	1 	 9 	4 	 3 	2 	 9 	2 	 3 	3 	 9 	1 	 4 	2 	 9 	
S 	 5 	2 	 9 	1 	 4 	2 	 3 	2 	 9 	1 	 4 	2 	 3 	3 	 9 	1 	 4 	1 	 3 	
S 	 6 	3 	 9 	1 	 4 	1 	 3 	2 	 9 	1 	 4 	2 	 3 	2 	 9 	1 	 4 	2 	 3 	
S 	 7 	1 	 9 	1 	 4 	3 	 3 	1 	 4 	1 	 9 	1 	 3 	1 	 5 	1 	 3 	1 	 4 	1 	 9 	3 	 3 	
S 	 8 	2 	 9 	3 	 3 	2 	 9 	3 	 3 	2 	 9 	3 	 3 	
S 	 9 	1 	 3 	1 	 9 	2 	 3 	1 	 5 	1 	 3 	1 	 9 	4 	 3 	1 	 9 	3 	 3 	
S 	 10 	1 	 3 	1 	 9 	4 	 3 	1 	 9 	4 	 3 	1 	 9 	3 	 3 	
S 	 11 	1 	 3 	1 	 9 	3 	 3 	7 	 4 	1 	 7 	1 	 4 	1 	 7 	
S 	 12 	10 	 3 	5 	 6 	
T 	 1 	5 	 6 	4 	 3 	1 	 6 	4 	 3 	1 	 6 	
T 	 2 	1 	 3 	1 	 5 	2 	 3 	1 	 6 	4 	 3 	1 	 6 	2 	 3 	1 	 5 	1 	 3 	1 	 6 	
T 	 3 	4 	 3 	1 	 6 	4 	 3 	1 	 6 	1 	 9 	3 	 3 	1 	 6 	
T 	 4 	1 	 9 	3 	 3 	1 	 6 	2 	 9 	2 	 3 	1 	 6 	2 	 9 	2 	 3 	1 	 6 	
T 	 5 	3 	 9 	1 	 3 	1 	 6 	4 	 3 	1 	 6 	4 	 3 	1 	 6 	
T 	 6 	4 	 3 	1 	 6 	2 	 3 	1 	 5 	1 	 3 	1 	 6 	4 	 3 	1 	 6 	
T 	 7 	4 	 3 	1 	 6 	4 	 3 	1 	 6 	4 	 3 	1 	 6 	
T 	 8 	1 	 5 	3 	 3 	1 	 6 	4 	 3 	1 	 6 	2 	 3 	1 	 5 	1 	 3 	1 	 6 	
T 	 9 	4 	 3 	1 	 6 	4 	 3 	1 	 6 	1 	 5 	3 	 3 	1 	 6 	
T 	 10 	4 	 3 	1 	 6 	4 	 3 	1 	 6 	4 	 3 	1 	 6 	
T 	 11 	4 	 3 	1 	 6 	2 	 3 	1 	 5 	1 	 3 	1 	 6 	4 	 3 	1 	 6 	
T 	 12 	4 	 3 	1 	 6 	4 	 3 	6 	 6 	
