A 	 1 	6 	 0 	4 	 3 	1 	 0 	1 	 3 	3 	 5 	
A 	 2 	1 	 0 	1 	 3 	1 	 5 	2 	 3 	1 	 0 	1 	 3 	1 	 5 	2 	 3 	1 	 0 	1 	 3 	1 	 5 	2 	 3 	
A 	 3 	1 	 0 	1 	 3 	3 	 5 	1 	 0 	4 	 2 	1 	 0 	4 	 2 	
A 	 4 	1 	 0 	4 	 2 	1 	 0 	4 	 2 	1 	 0 	4 	 2 	
A 	 5 	1 	 0 	1 	 2 	3 	 4 	1 	 0 	1 	 2 	2 	 5 	1 	 4 	1 	 0 	1 	 2 	2 	 5 	1 	 4 	
A 	 6 	1 	 0 	4 	 4 	1 	 0 	3 	 2 	1 	 4 	1 	 0 	4 	 2 	
A 	 7 	1 	 0 	4 	 2 	1 	 0 	4 	 2 	1 	 0 	4 	 2 	
A 	 8 	1 	 0 	4 	 2 	1 	 0 	4 	 2 	5 	 0 	
B 	 1 	5 	 0 	6 	 3 	3 	 5 	1 	 3 	
B 	 2 	1 	 3 	1 	 5 	4 	 3 	3 	 5 	4 	 3 	1 	 5 	1 	 3 	
B 	 3 	1 	 3 	3 	 5 	1 	 3 	7 	 2 	3 	 5 	
B 	 4 	4 	 2 	1 	 5 	2 	 2 	3 	 5 	2 	 2 	1 	 5 	2 	 2 	
B 	 5 	2 	 2 	3 	 5 	1 	 4 	4 	 2 	2 	 4 	3 	 1 	
B 	 6 	3 	 4 	2 	 1 	5 	 4 	1 	 1 	4 	 4 	
B 	 7 	1 	 1 	4 	 4 	1 	 1 	3 	 2 	1 	 4 	5 	 2 	
B 	 8 	10 	 2 	5 	 0 	
C 	 1 	4 	 0 	1 	 4 	3 	 3 	2 	 4 	2 	 3 	1 	 4 	1 	 3 	1 	 4 	
C 	 2 	1 	 3 	1 	 4 	2 	 3 	6 	 4 	4 	 3 	1 	 4 	
C 	 3 	4 	 3 	1 	 4 	4 	 2 	1 	 4 	1 	 2 	3 	 5 	1 	 2 	
C 	 4 	1 	 2 	1 	 5 	1 	 2 	1 	 5 	2 	 2 	1 	 5 	1 	 2 	1 	 5 	2 	 2 	1 	 5 	1 	 2 	1 	 5 	1 	 2 	
C 	 5 	1 	 2 	3 	 5 	6 	 2 	2 	 1 	1 	 4 	1 	 1 	1 	 4 	
C 	 6 	1 	 1 	2 	 4 	1 	 1 	3 	 4 	3 	 1 	2 	 4 	1 	 1 	1 	 3 	1 	 1 	
C 	 7 	1 	 4 	4 	 1 	1 	 4 	4 	 1 	2 	 2 	3 	 1 	
C 	 8 	4 	 2 	1 	 1 	5 	 2 	5 	 0 	
D 	 1 	5 	 0 	2 	 3 	3 	 5 	2 	 3 	1 	 5 	1 	 3 	1 	 5 	
D 	 2 	2 	 3 	1 	 5 	1 	 3 	1 	 5 	1 	 4 	1 	 3 	3 	 5 	2 	 3 	1 	 5 	2 	 3 	
D 	 3 	2 	 3 	1 	 5 	2 	 3 	2 	 2 	1 	 1 	1 	 4 	1 	 1 	2 	 2 	1 	 1 	1 	 4 	1 	 1 	
D 	 4 	2 	 2 	1 	 1 	1 	 4 	1 	 1 	1 	 2 	2 	 1 	1 	 4 	1 	 1 	1 	 2 	4 	 4 	
D 	 5 	1 	 2 	2 	 4 	1 	 1 	3 	 4 	1 	 1 	1 	 3 	1 	 1 	1 	 4 	1 	 1 	3 	 3 	
D 	 6 	5 	 4 	5 	 1 	1 	 3 	1 	 1 	1 	 3 	1 	 1 	1 	 3 	
D 	 7 	12 	 1 	3 	 4 	
D 	 8 	2 	 1 	3 	 4 	5 	 2 	5 	 0 	
E 	 1 	5 	 0 	6 	 3 	1 	 5 	3 	 3 	
E 	 2 	1 	 3 	1 	 5 	4 	 3 	3 	 5 	2 	 3 	1 	 5 	1 	 3 	1 	 5 	1 	 3 	
E 	 3 	1 	 3 	1 	 5 	1 	 3 	1 	 5 	1 	 3 	1 	 1 	4 	 2 	1 	 1 	4 	 2 	
E 	 4 	1 	 4 	4 	 2 	1 	 4 	4 	 2 	2 	 4 	3 	 2 	
E 	 5 	2 	 4 	3 	 2 	5 	 4 	1 	 1 	4 	 4 	
E 	 6 	1 	 4 	1 	 3 	1 	 1 	1 	 3 	11 	 1 	
E 	 7 	4 	 1 	1 	 4 	4 	 1 	3 	 4 	2 	 1 	1 	 4 	
E 	 8 	2 	 4 	2 	 1 	1 	 4 	5 	 2 	5 	 0 	
F 	 1 	5 	 0 	5 	 3 	1 	 5 	1 	 3 	1 	 5 	1 	 3 	1 	 5 	
F 	 2 	2 	 3 	1 	 5 	1 	 3 	2 	 5 	1 	 3 	1 	 5 	1 	 3 	2 	 5 	1 	 3 	1 	 5 	1 	 3 	1 	 5 	
F 	 3 	1 	 5 	1 	 3 	1 	 5 	1 	 3 	1 	 5 	6 	 2 	3 	 5 	1 	 2 	
F 	 4 	3 	 2 	1 	 5 	2 	 2 	3 	 5 	2 	 2 	1 	 5 	3 	 2 	
F 	 5 	1 	 2 	3 	 5 	1 	 2 	1 	 4 	4 	 2 	3 	 4 	2 	 5 	
F 	 6 	1 	 3 	1 	 1 	1 	 3 	7 	 1 	2 	 4 	3 	 1 	
F 	 7 	3 	 4 	2 	 1 	3 	 4 	2 	 1 	3 	 4 	1 	 1 	1 	 2 	
F 	 8 	1 	 4 	9 	 2 	5 	 0 	
G 	 1 	5 	 0 	4 	 3 	1 	 0 	1 	 3 	1 	 5 	1 	 3 	1 	 5 	1 	 0 	
G 	 2 	1 	 3 	1 	 5 	1 	 3 	1 	 5 	1 	 0 	1 	 3 	3 	 5 	1 	 0 	3 	 3 	1 	 5 	1 	 0 	
G 	 3 	1 	 3 	3 	 5 	1 	 0 	4 	 2 	1 	 0 	3 	 5 	1 	 2 	1 	 0 	
G 	 4 	2 	 2 	1 	 5 	1 	 2 	1 	 0 	3 	 5 	1 	 2 	1 	 0 	1 	 5 	3 	 2 	1 	 0 	
G 	 5 	3 	 5 	1 	 2 	1 	 0 	4 	 2 	1 	 0 	2 	 1 	2 	 2 	1 	 0 	
G 	 6 	3 	 1 	1 	 2 	1 	 0 	2 	 1 	2 	 2 	1 	 0 	2 	 1 	2 	 2 	1 	 0 	
G 	 7 	1 	 1 	3 	 2 	1 	 0 	1 	 1 	3 	 2 	1 	 0 	4 	 2 	1 	 0 	
G 	 8 	4 	 2 	1 	 0 	4 	 2 	6 	 0 	
