A 	 1 	6 	 2 	4 	 3 	1 	 2 	1 	 3 	3 	 0 	
A 	 2 	1 	 2 	3 	 3 	1 	 0 	1 	 2 	1 	 3 	3 	 0 	1 	 2 	1 	 3 	1 	 0 	2 	 3 	
A 	 3 	1 	 2 	1 	 3 	3 	 0 	1 	 2 	4 	 3 	1 	 2 	4 	 1 	
A 	 4 	1 	 2 	4 	 1 	1 	 2 	4 	 1 	1 	 2 	4 	 1 	
A 	 5 	1 	 2 	4 	 1 	1 	 2 	4 	 1 	1 	 2 	1 	 1 	1 	 2 	2 	 1 	
A 	 6 	1 	 2 	1 	 1 	2 	 2 	1 	 1 	1 	 2 	2 	 1 	1 	 2 	1 	 1 	1 	 2 	3 	 1 	1 	 2 	
A 	 7 	1 	 2 	3 	 1 	2 	 2 	3 	 1 	2 	 2 	3 	 1 	1 	 2 	
A 	 8 	1 	 2 	3 	 1 	2 	 2 	4 	 1 	5 	 2 	
B 	 1 	5 	 2 	6 	 3 	3 	 0 	1 	 3 	
B 	 2 	1 	 3 	1 	 0 	1 	 3 	1 	 0 	2 	 3 	1 	 0 	1 	 3 	1 	 0 	2 	 3 	1 	 0 	1 	 3 	1 	 0 	1 	 3 	
B 	 3 	1 	 3 	3 	 0 	6 	 3 	5 	 1 	
B 	 4 	9 	 1 	1 	 2 	3 	 1 	2 	 2 	
B 	 5 	2 	 1 	3 	 2 	2 	 1 	3 	 2 	2 	 1 	1 	 2 	1 	 1 	1 	 2 	
B 	 6 	4 	 1 	1 	 2 	5 	 1 	4 	 2 	1 	 1 	
B 	 7 	4 	 2 	1 	 1 	4 	 2 	4 	 1 	1 	 2 	1 	 1 	
B 	 8 	3 	 1 	1 	 2 	6 	 1 	5 	 2 	
C 	 1 	5 	 2 	5 	 3 	3 	 0 	1 	 3 	1 	 0 	
C 	 2 	2 	 3 	1 	 0 	2 	 3 	3 	 0 	1 	 3 	2 	 0 	3 	 3 	1 	 0 	
C 	 3 	3 	 0 	1 	 3 	1 	 0 	5 	 3 	5 	 1 	
C 	 4 	3 	 2 	2 	 1 	4 	 2 	1 	 1 	5 	 2 	
C 	 5 	1 	 3 	1 	 2 	1 	 3 	7 	 2 	3 	 3 	1 	 2 	1 	 1 	
C 	 6 	1 	 2 	1 	 3 	2 	 2 	1 	 1 	3 	 2 	7 	 1 	
C 	 7 	3 	 2 	2 	 1 	3 	 2 	2 	 1 	1 	 2 	1 	 1 	1 	 2 	2 	 1 	
C 	 8 	1 	 2 	1 	 1 	1 	 2 	7 	 1 	5 	 2 	
D 	 1 	5 	 2 	5 	 3 	2 	 0 	1 	 3 	1 	 0 	1 	 3 	
D 	 2 	1 	 3 	1 	 0 	2 	 3 	3 	 0 	2 	 3 	1 	 0 	4 	 3 	1 	 0 	
D 	 3 	2 	 0 	2 	 3 	1 	 0 	4 	 3 	1 	 0 	1 	 1 	1 	 3 	2 	 0 	1 	 3 	
D 	 4 	1 	 1 	1 	 3 	2 	 0 	1 	 3 	1 	 1 	1 	 3 	2 	 0 	1 	 3 	1 	 1 	1 	 3 	2 	 0 	1 	 3 	
D 	 5 	1 	 2 	1 	 3 	2 	 0 	1 	 3 	1 	 2 	1 	 3 	2 	 0 	1 	 3 	1 	 2 	4 	 3 	
D 	 6 	1 	 1 	1 	 3 	2 	 0 	1 	 3 	1 	 1 	1 	 3 	2 	 0 	1 	 3 	1 	 1 	4 	 3 	
D 	 7 	1 	 1 	4 	 3 	1 	 1 	4 	 3 	1 	 1 	4 	 3 	
D 	 8 	1 	 1 	4 	 3 	1 	 1 	4 	 3 	5 	 2 	
E 	 1 	5 	 2 	10 	 3 	
E 	 2 	5 	 0 	1 	 3 	3 	 0 	1 	 3 	5 	 0 	
E 	 3 	1 	 0 	3 	 3 	6 	 0 	5 	 3 	
E 	 4 	7 	 0 	1 	 3 	7 	 0 	
E 	 5 	5 	 0 	5 	 3 	2 	 0 	1 	 3 	2 	 0 	
E 	 6 	2 	 0 	1 	 3 	4 	 0 	1 	 3 	4 	 0 	1 	 3 	2 	 0 	
E 	 7 	2 	 0 	3 	 3 	2 	 0 	1 	 3 	4 	 0 	1 	 3 	2 	 0 	
E 	 8 	2 	 0 	1 	 3 	2 	 0 	5 	 3 	5 	 2 	
F 	 1 	5 	 2 	4 	 3 	1 	 2 	1 	 3 	1 	 0 	2 	 3 	1 	 2 	
F 	 2 	1 	 0 	3 	 3 	1 	 2 	1 	 0 	3 	 3 	1 	 2 	1 	 0 	3 	 3 	1 	 2 	
F 	 3 	1 	 0 	3 	 3 	1 	 2 	1 	 0 	3 	 3 	1 	 2 	1 	 3 	2 	 0 	1 	 3 	1 	 2 	
F 	 4 	1 	 3 	2 	 0 	1 	 3 	1 	 2 	1 	 3 	2 	 0 	1 	 3 	1 	 2 	1 	 3 	2 	 0 	1 	 3 	1 	 2 	
F 	 5 	1 	 3 	2 	 0 	1 	 3 	1 	 2 	1 	 3 	2 	 0 	1 	 3 	1 	 2 	4 	 3 	1 	 2 	
F 	 6 	4 	 3 	1 	 2 	4 	 3 	1 	 2 	4 	 3 	1 	 2 	
F 	 7 	4 	 3 	1 	 2 	4 	 3 	1 	 2 	4 	 3 	1 	 2 	
F 	 8 	4 	 3 	1 	 2 	4 	 3 	6 	 2 	
