A 	 1 	6 	 5 	4 	 0 	1 	 5 	4 	 0 	
A 	 2 	1 	 5 	4 	 0 	1 	 5 	4 	 0 	1 	 5 	4 	 0 	
A 	 3 	1 	 5 	4 	 0 	1 	 5 	4 	 0 	1 	 5 	4 	 0 	
A 	 4 	1 	 5 	4 	 0 	1 	 5 	4 	 0 	1 	 5 	4 	 0 	
A 	 5 	1 	 5 	4 	 0 	1 	 5 	4 	 0 	1 	 5 	4 	 0 	
A 	 6 	1 	 5 	4 	 0 	1 	 5 	4 	 0 	1 	 5 	4 	 0 	
A 	 7 	1 	 5 	4 	 0 	1 	 5 	3 	 0 	1 	 3 	1 	 5 	4 	 0 	
A 	 8 	1 	 5 	4 	 0 	1 	 5 	4 	 0 	1 	 5 	4 	 0 	
A 	 9 	1 	 5 	4 	 0 	1 	 5 	4 	 0 	1 	 5 	4 	 0 	
A 	 10 	1 	 5 	4 	 0 	1 	 5 	4 	 0 	1 	 5 	4 	 0 	
A 	 11 	1 	 5 	4 	 0 	1 	 5 	4 	 0 	1 	 5 	4 	 0 	
A 	 12 	1 	 5 	4 	 0 	1 	 5 	4 	 0 	5 	 5 	
B 	 1 	5 	 5 	10 	 0 	
B 	 2 	15 	 0 	
B 	 3 	15 	 0 	
B 	 4 	14 	 0 	1 	 3 	
B 	 5 	4 	 0 	1 	 3 	4 	 0 	1 	 3 	3 	 0 	2 	 3 	
B 	 6 	3 	 0 	2 	 3 	2 	 0 	1 	 3 	1 	 1 	1 	 3 	1 	 0 	2 	 3 	1 	 0 	1 	 3 	
B 	 7 	2 	 3 	2 	 0 	1 	 1 	4 	 3 	4 	 0 	2 	 3 	
B 	 8 	9 	 0 	1 	 3 	3 	 0 	2 	 3 	
B 	 9 	4 	 0 	1 	 3 	10 	 0 	
B 	 10 	15 	 0 	
B 	 11 	8 	 0 	2 	 1 	3 	 0 	1 	 2 	1 	 3 	
B 	 12 	10 	 0 	5 	 5 	
C 	 1 	5 	 5 	10 	 0 	
C 	 2 	12 	 0 	1 	 3 	2 	 4 	
C 	 3 	2 	 0 	3 	 3 	1 	 0 	3 	 3 	1 	 1 	1 	 0 	2 	 3 	1 	 1 	1 	 2 	
C 	 4 	2 	 3 	1 	 1 	2 	 2 	1 	 3 	1 	 1 	3 	 2 	1 	 3 	1 	 1 	3 	 2 	
C 	 5 	1 	 3 	1 	 1 	2 	 2 	1 	 4 	1 	 3 	1 	 1 	2 	 2 	1 	 4 	2 	 3 	1 	 1 	2 	 2 	
C 	 6 	9 	 3 	1 	 1 	1 	 3 	3 	 1 	1 	 2 	
C 	 7 	1 	 3 	1 	 1 	3 	 2 	2 	 3 	1 	 1 	2 	 2 	1 	 1 	2 	 3 	2 	 1 	
C 	 8 	1 	 3 	2 	 1 	3 	 3 	2 	 0 	1 	 1 	2 	 3 	2 	 0 	2 	 3 	
C 	 9 	2 	 0 	2 	 3 	3 	 0 	1 	 3 	4 	 0 	2 	 3 	1 	 0 	
C 	 10 	2 	 0 	2 	 3 	4 	 0 	1 	 3 	4 	 0 	2 	 3 	
C 	 11 	3 	 0 	2 	 3 	5 	 1 	1 	 3 	1 	 2 	3 	 1 	
C 	 12 	10 	 0 	5 	 5 	
D 	 1 	5 	 5 	10 	 0 	
D 	 2 	2 	 0 	13 	 4 	
D 	 3 	2 	 3 	3 	 4 	1 	 1 	4 	 3 	1 	 2 	1 	 1 	3 	 3 	
D 	 4 	2 	 2 	1 	 1 	2 	 3 	3 	 2 	1 	 1 	1 	 3 	2 	 4 	1 	 2 	1 	 1 	1 	 3 	
D 	 5 	3 	 4 	1 	 1 	1 	 3 	3 	 4 	2 	 3 	2 	 4 	1 	 3 	2 	 1 	
D 	 6 	3 	 1 	2 	 2 	1 	 1 	9 	 2 	
D 	 7 	3 	 2 	2 	 1 	2 	 2 	2 	 1 	1 	 3 	2 	 1 	3 	 3 	
D 	 8 	5 	 3 	5 	 1 	5 	 0 	
D 	 9 	15 	 0 	
D 	 10 	15 	 0 	
D 	 11 	5 	 0 	1 	 1 	4 	 0 	1 	 1 	4 	 0 	
D 	 12 	10 	 0 	5 	 5 	
E 	 1 	5 	 5 	10 	 0 	
E 	 2 	1 	 4 	4 	 0 	2 	 4 	2 	 0 	1 	 3 	3 	 4 	1 	 0 	1 	 3 	
E 	 3 	3 	 4 	1 	 0 	4 	 3 	2 	 0 	4 	 3 	1 	 0 	
E 	 4 	15 	 3 	
E 	 5 	1 	 3 	2 	 1 	2 	 3 	1 	 1 	1 	 2 	1 	 1 	2 	 3 	2 	 2 	1 	 1 	2 	 3 	
E 	 6 	1 	 2 	1 	 1 	3 	 3 	1 	 2 	1 	 1 	3 	 3 	1 	 1 	4 	 3 	
E 	 7 	9 	 3 	1 	 1 	3 	 3 	2 	 1 	
E 	 8 	1 	 3 	2 	 1 	1 	 0 	1 	 3 	1 	 1 	3 	 0 	1 	 3 	4 	 0 	1 	 3 	
E 	 9 	15 	 0 	
E 	 10 	15 	 0 	
E 	 11 	9 	 0 	1 	 1 	4 	 0 	1 	 1 	
E 	 12 	10 	 0 	5 	 5 	
F 	 1 	5 	 5 	6 	 0 	1 	 3 	3 	 0 	
F 	 2 	1 	 0 	1 	 3 	3 	 0 	2 	 3 	3 	 0 	2 	 3 	3 	 0 	
F 	 3 	3 	 3 	2 	 0 	4 	 3 	4 	 0 	2 	 3 	
F 	 4 	4 	 0 	2 	 3 	2 	 0 	3 	 3 	1 	 1 	3 	 3 	
F 	 5 	1 	 3 	1 	 1 	2 	 0 	2 	 3 	1 	 1 	3 	 0 	2 	 3 	1 	 1 	2 	 0 	
F 	 6 	2 	 3 	1 	 1 	2 	 0 	1 	 3 	1 	 1 	3 	 0 	1 	 3 	1 	 1 	3 	 0 	
F 	 7 	1 	 1 	4 	 0 	1 	 3 	4 	 0 	1 	 3 	4 	 0 	
F 	 8 	1 	 3 	4 	 0 	1 	 3 	4 	 0 	1 	 3 	4 	 0 	
F 	 9 	1 	 3 	4 	 0 	1 	 3 	4 	 0 	1 	 3 	4 	 0 	
F 	 10 	1 	 3 	4 	 0 	1 	 3 	4 	 0 	1 	 3 	4 	 0 	
F 	 11 	1 	 3 	4 	 0 	4 	 1 	1 	 0 	1 	 1 	1 	 2 	1 	 1 	1 	 2 	1 	 0 	
F 	 12 	10 	 0 	5 	 5 	
G 	 1 	5 	 5 	4 	 0 	1 	 5 	4 	 0 	1 	 5 	
G 	 2 	4 	 0 	1 	 5 	4 	 0 	1 	 5 	4 	 0 	1 	 5 	
G 	 3 	4 	 0 	1 	 5 	4 	 0 	1 	 5 	4 	 0 	1 	 5 	
G 	 4 	4 	 0 	1 	 5 	1 	 3 	3 	 0 	1 	 5 	1 	 3 	3 	 0 	1 	 5 	
G 	 5 	2 	 3 	2 	 0 	1 	 5 	4 	 0 	1 	 5 	4 	 0 	1 	 5 	
G 	 6 	4 	 0 	1 	 5 	4 	 0 	1 	 5 	4 	 0 	1 	 5 	
G 	 7 	4 	 0 	1 	 5 	4 	 0 	1 	 5 	4 	 0 	1 	 5 	
G 	 8 	4 	 0 	1 	 5 	4 	 0 	1 	 5 	4 	 0 	1 	 5 	
G 	 9 	4 	 0 	1 	 5 	4 	 0 	1 	 5 	4 	 0 	1 	 5 	
G 	 10 	4 	 0 	1 	 5 	4 	 0 	1 	 5 	4 	 0 	1 	 5 	
G 	 11 	4 	 0 	1 	 5 	4 	 0 	1 	 5 	4 	 0 	1 	 5 	
G 	 12 	4 	 0 	1 	 5 	4 	 0 	6 	 5 	
