A 	 1 	6 	 2 	4 	 8 	1 	 2 	4 	 8 	
A 	 2 	1 	 2 	4 	 8 	1 	 2 	4 	 8 	1 	 2 	4 	 8 	
A 	 3 	1 	 2 	3 	 7 	1 	 8 	10 	 7 	
A 	 4 	5 	 7 	1 	 2 	4 	 7 	1 	 2 	1 	 8 	3 	 7 	
A 	 5 	1 	 2 	2 	 8 	2 	 7 	1 	 2 	2 	 8 	2 	 7 	1 	 2 	3 	 8 	1 	 7 	
A 	 6 	1 	 2 	3 	 8 	1 	 7 	1 	 2 	4 	 8 	1 	 2 	4 	 8 	
A 	 7 	1 	 2 	4 	 8 	1 	 2 	4 	 8 	1 	 2 	4 	 8 	
A 	 8 	1 	 2 	4 	 8 	1 	 2 	4 	 8 	1 	 2 	1 	 8 	3 	 0 	
A 	 9 	1 	 2 	3 	 8 	1 	 0 	1 	 2 	1 	 8 	3 	 0 	1 	 2 	1 	 8 	1 	 0 	2 	 8 	
A 	 10 	1 	 2 	1 	 8 	3 	 0 	1 	 2 	4 	 8 	1 	 2 	1 	 8 	3 	 0 	
A 	 11 	1 	 2 	3 	 8 	1 	 0 	1 	 2 	1 	 8 	3 	 0 	1 	 2 	1 	 8 	1 	 0 	2 	 8 	
A 	 12 	1 	 2 	1 	 8 	3 	 0 	1 	 2 	4 	 8 	5 	 2 	
B 	 1 	5 	 2 	1 	 8 	4 	 0 	1 	 8 	1 	 0 	3 	 5 	
B 	 2 	1 	 8 	1 	 0 	1 	 5 	2 	 2 	1 	 8 	1 	 0 	1 	 5 	1 	 2 	1 	 5 	1 	 8 	1 	 0 	1 	 5 	1 	 2 	1 	 5 	
B 	 3 	1 	 8 	1 	 0 	1 	 5 	1 	 2 	1 	 5 	1 	 8 	1 	 0 	1 	 5 	1 	 2 	1 	 5 	1 	 8 	1 	 0 	1 	 5 	1 	 2 	1 	 5 	
B 	 4 	1 	 8 	1 	 0 	1 	 5 	2 	 2 	1 	 8 	1 	 0 	3 	 5 	1 	 7 	4 	 0 	
B 	 5 	1 	 7 	4 	 8 	2 	 7 	3 	 8 	2 	 7 	3 	 8 	
B 	 6 	3 	 7 	2 	 8 	4 	 7 	2 	 8 	4 	 7 	
B 	 7 	1 	 8 	4 	 7 	2 	 8 	3 	 7 	3 	 8 	2 	 7 	
B 	 8 	4 	 8 	1 	 7 	6 	 8 	3 	 0 	1 	 8 	
B 	 9 	1 	 8 	1 	 0 	1 	 8 	1 	 0 	2 	 8 	1 	 0 	1 	 8 	1 	 0 	2 	 8 	1 	 0 	1 	 8 	1 	 0 	1 	 8 	
B 	 10 	1 	 8 	3 	 0 	7 	 8 	3 	 0 	1 	 8 	
B 	 11 	3 	 8 	1 	 0 	2 	 8 	3 	 0 	2 	 8 	1 	 0 	3 	 8 	
B 	 12 	1 	 8 	3 	 0 	6 	 8 	5 	 2 	
C 	 1 	5 	 2 	5 	 0 	5 	 5 	
C 	 2 	2 	 2 	1 	 5 	2 	 2 	3 	 5 	1 	 2 	4 	 5 	1 	 2 	1 	 5 	
C 	 3 	3 	 5 	2 	 2 	10 	 5 	
C 	 4 	2 	 2 	1 	 5 	2 	 2 	5 	 5 	5 	 0 	
C 	 5 	8 	 8 	2 	 7 	2 	 8 	3 	 7 	
C 	 6 	2 	 8 	3 	 7 	2 	 8 	3 	 7 	2 	 8 	3 	 7 	
C 	 7 	1 	 7 	2 	 8 	12 	 7 	
C 	 8 	10 	 7 	1 	 8 	4 	 7 	
C 	 9 	1 	 8 	4 	 7 	1 	 8 	4 	 7 	1 	 8 	4 	 7 	
C 	 10 	1 	 8 	4 	 7 	1 	 8 	4 	 7 	1 	 8 	4 	 7 	
C 	 11 	2 	 8 	3 	 7 	2 	 8 	3 	 7 	1 	 8 	4 	 7 	
C 	 12 	1 	 8 	4 	 7 	1 	 8 	9 	 7 	
D 	 1 	5 	 2 	5 	 0 	5 	 5 	
D 	 2 	2 	 2 	1 	 5 	1 	 0 	4 	 5 	1 	 0 	4 	 5 	1 	 0 	1 	 5 	
D 	 3 	2 	 2 	1 	 5 	2 	 0 	1 	 5 	1 	 2 	4 	 5 	1 	 2 	3 	 5 	
D 	 4 	2 	 2 	8 	 5 	5 	 0 	
D 	 5 	5 	 8 	2 	 7 	3 	 8 	3 	 7 	2 	 8 	
D 	 6 	3 	 7 	2 	 8 	4 	 7 	1 	 8 	4 	 7 	1 	 8 	
D 	 7 	3 	 7 	2 	 8 	10 	 7 	
D 	 8 	15 	 7 	
D 	 9 	15 	 7 	
D 	 10 	15 	 7 	
D 	 11 	15 	 7 	
D 	 12 	15 	 7 	
E 	 1 	5 	 2 	5 	 0 	5 	 5 	
E 	 2 	1 	 5 	1 	 0 	4 	 5 	1 	 0 	2 	 5 	1 	 7 	1 	 5 	1 	 0 	1 	 5 	2 	 7 	
E 	 3 	2 	 0 	1 	 5 	2 	 7 	1 	 5 	1 	 0 	1 	 5 	2 	 7 	1 	 5 	1 	 0 	2 	 5 	1 	 7 	
E 	 4 	1 	 5 	1 	 0 	2 	 5 	1 	 7 	5 	 5 	5 	 0 	
E 	 5 	4 	 8 	1 	 7 	4 	 8 	1 	 7 	4 	 8 	1 	 7 	
E 	 6 	3 	 8 	2 	 7 	2 	 8 	3 	 7 	2 	 8 	3 	 7 	
E 	 7 	15 	 7 	
E 	 8 	4 	 7 	1 	 8 	3 	 7 	1 	 8 	1 	 6 	3 	 7 	2 	 6 	
E 	 9 	3 	 7 	1 	 8 	1 	 6 	3 	 7 	1 	 8 	1 	 6 	2 	 7 	2 	 8 	1 	 6 	
E 	 10 	2 	 7 	2 	 8 	1 	 6 	1 	 7 	3 	 8 	1 	 6 	1 	 7 	3 	 8 	1 	 6 	
E 	 11 	4 	 8 	1 	 6 	1 	 7 	3 	 8 	1 	 6 	1 	 7 	3 	 8 	1 	 6 	
E 	 12 	1 	 7 	2 	 8 	2 	 6 	1 	 7 	1 	 8 	1 	 6 	2 	 4 	1 	 7 	1 	 3 	3 	 6 	
F 	 1 	5 	 2 	5 	 0 	5 	 5 	
F 	 2 	4 	 5 	1 	 1 	2 	 7 	2 	 5 	1 	 1 	3 	 7 	1 	 5 	1 	 1 	
F 	 3 	3 	 7 	1 	 5 	1 	 1 	3 	 7 	1 	 5 	1 	 1 	3 	 7 	1 	 5 	1 	 1 	
F 	 4 	2 	 7 	2 	 5 	1 	 1 	2 	 7 	3 	 5 	2 	 7 	3 	 0 	
F 	 5 	2 	 7 	3 	 8 	2 	 7 	3 	 8 	2 	 7 	3 	 8 	
F 	 6 	2 	 7 	3 	 8 	2 	 7 	3 	 8 	2 	 7 	3 	 8 	
F 	 7 	1 	 7 	4 	 8 	1 	 7 	3 	 8 	1 	 6 	2 	 8 	2 	 6 	1 	 4 	
F 	 8 	2 	 6 	8 	 4 	5 	 6 	
F 	 9 	6 	 4 	2 	 6 	1 	 4 	1 	 6 	1 	 4 	2 	 6 	1 	 4 	1 	 6 	
F 	 10 	1 	 4 	2 	 6 	1 	 4 	1 	 6 	1 	 4 	2 	 6 	1 	 4 	1 	 6 	1 	 4 	2 	 6 	1 	 4 	1 	 6 	
F 	 11 	1 	 4 	2 	 6 	1 	 4 	1 	 6 	1 	 4 	2 	 6 	1 	 4 	1 	 6 	5 	 4 	
F 	 12 	5 	 6 	5 	 4 	5 	 6 	
G 	 1 	5 	 2 	5 	 0 	5 	 5 	
G 	 2 	3 	 1 	1 	 5 	1 	 1 	2 	 5 	1 	 1 	1 	 5 	1 	 1 	2 	 5 	1 	 1 	1 	 5 	1 	 1 	
G 	 3 	3 	 1 	1 	 5 	1 	 1 	4 	 5 	1 	 1 	4 	 5 	1 	 1 	
G 	 4 	4 	 5 	1 	 1 	5 	 5 	3 	 0 	1 	 5 	1 	 1 	
G 	 5 	2 	 8 	1 	 0 	2 	 5 	2 	 8 	3 	 0 	5 	 8 	
G 	 6 	13 	 8 	2 	 6 	
G 	 7 	1 	 8 	2 	 6 	2 	 4 	1 	 6 	9 	 4 	
G 	 8 	10 	 4 	5 	 6 	
G 	 9 	5 	 4 	1 	 6 	1 	 4 	2 	 6 	1 	 4 	1 	 6 	1 	 4 	2 	 6 	1 	 4 	
G 	 10 	1 	 6 	1 	 4 	2 	 6 	1 	 4 	1 	 6 	1 	 4 	2 	 6 	1 	 4 	1 	 6 	1 	 4 	2 	 6 	1 	 4 	
G 	 11 	1 	 6 	1 	 4 	2 	 6 	1 	 4 	1 	 6 	1 	 4 	2 	 6 	6 	 4 	
G 	 12 	5 	 6 	5 	 4 	5 	 6 	
H 	 1 	5 	 2 	5 	 0 	5 	 5 	
H 	 2 	8 	 5 	1 	 1 	6 	 5 	
H 	 3 	2 	 1 	1 	 5 	1 	 1 	2 	 5 	1 	 1 	1 	 5 	1 	 1 	2 	 5 	1 	 1 	1 	 5 	1 	 1 	1 	 5 	
H 	 4 	1 	 5 	1 	 1 	1 	 5 	1 	 1 	6 	 5 	5 	 1 	
H 	 5 	5 	 5 	5 	 0 	5 	 8 	
H 	 6 	10 	 8 	5 	 6 	
H 	 7 	2 	 6 	5 	 4 	2 	 6 	5 	 4 	1 	 6 	
H 	 8 	10 	 4 	5 	 6 	
H 	 9 	5 	 4 	2 	 6 	1 	 4 	4 	 6 	1 	 4 	2 	 6 	
H 	 10 	2 	 6 	1 	 4 	4 	 6 	1 	 4 	4 	 6 	1 	 4 	2 	 6 	
H 	 11 	2 	 6 	1 	 4 	4 	 6 	1 	 4 	2 	 6 	5 	 4 	
H 	 12 	5 	 6 	5 	 4 	5 	 6 	
I 	 1 	5 	 2 	5 	 0 	5 	 5 	
I 	 2 	1 	 1 	1 	 5 	1 	 1 	2 	 5 	1 	 1 	1 	 5 	1 	 1 	2 	 5 	1 	 1 	1 	 5 	1 	 1 	2 	 5 	
I 	 3 	1 	 1 	1 	 5 	1 	 1 	1 	 5 	2 	 1 	1 	 5 	1 	 1 	1 	 5 	2 	 1 	1 	 5 	1 	 1 	1 	 5 	1 	 1 	
I 	 4 	1 	 1 	1 	 5 	1 	 1 	7 	 5 	5 	 1 	
I 	 5 	5 	 5 	5 	 0 	5 	 8 	
I 	 6 	10 	 8 	2 	 6 	3 	 8 	
I 	 7 	2 	 4 	2 	 6 	1 	 8 	4 	 4 	2 	 6 	4 	 4 	
I 	 8 	1 	 4 	2 	 6 	5 	 4 	7 	 6 	
I 	 9 	4 	 4 	1 	 6 	1 	 4 	2 	 6 	1 	 4 	1 	 6 	1 	 4 	2 	 6 	1 	 4 	1 	 6 	
I 	 10 	1 	 4 	2 	 6 	1 	 4 	1 	 6 	1 	 4 	2 	 6 	1 	 4 	1 	 6 	1 	 4 	2 	 6 	1 	 4 	1 	 6 	
I 	 11 	1 	 4 	2 	 6 	1 	 4 	1 	 6 	1 	 4 	2 	 6 	1 	 4 	1 	 6 	4 	 4 	1 	 6 	
I 	 12 	4 	 6 	3 	 4 	1 	 6 	2 	 4 	2 	 6 	3 	 2 	
J 	 1 	5 	 2 	4 	 0 	1 	 2 	3 	 5 	1 	 0 	1 	 2 	
J 	 2 	3 	 5 	1 	 0 	1 	 2 	3 	 5 	1 	 0 	1 	 2 	3 	 5 	1 	 0 	1 	 2 	
J 	 3 	1 	 5 	1 	 1 	1 	 5 	1 	 0 	1 	 2 	1 	 5 	1 	 1 	1 	 5 	1 	 0 	1 	 2 	2 	 1 	1 	 5 	1 	 0 	1 	 2 	
J 	 4 	1 	 5 	1 	 1 	1 	 5 	1 	 0 	1 	 2 	1 	 5 	1 	 1 	1 	 5 	1 	 0 	1 	 2 	2 	 1 	1 	 5 	1 	 0 	1 	 2 	
J 	 5 	3 	 5 	1 	 0 	1 	 2 	4 	 0 	1 	 2 	4 	 8 	1 	 2 	
J 	 6 	4 	 8 	1 	 2 	4 	 8 	1 	 2 	4 	 8 	1 	 2 	
J 	 7 	4 	 8 	1 	 2 	1 	 6 	3 	 8 	1 	 2 	1 	 4 	2 	 6 	1 	 8 	1 	 2 	
J 	 8 	2 	 4 	2 	 6 	1 	 2 	1 	 4 	1 	 6 	1 	 4 	1 	 6 	1 	 2 	1 	 6 	2 	 4 	1 	 6 	1 	 2 	
J 	 9 	3 	 4 	1 	 6 	1 	 2 	3 	 4 	1 	 6 	1 	 2 	3 	 4 	1 	 6 	1 	 2 	
J 	 10 	3 	 4 	1 	 6 	1 	 2 	3 	 4 	1 	 6 	1 	 2 	2 	 4 	2 	 6 	1 	 2 	
J 	 11 	1 	 4 	1 	 6 	2 	 4 	1 	 2 	1 	 6 	3 	 4 	1 	 2 	4 	 4 	1 	 2 	
J 	 12 	4 	 4 	1 	 2 	4 	 4 	6 	 2 	
