A 	 1 	6 	 0 	4 	 3 	1 	 0 	1 	 3 	2 	 5 	1 	 3 	
A 	 2 	1 	 0 	1 	 3 	3 	 5 	1 	 0 	1 	 3 	3 	 5 	1 	 0 	1 	 3 	2 	 5 	1 	 4 	
A 	 3 	1 	 0 	4 	 4 	1 	 0 	1 	 3 	3 	 5 	1 	 0 	1 	 3 	3 	 5 	
A 	 4 	1 	 0 	1 	 3 	3 	 5 	1 	 0 	1 	 3 	3 	 5 	1 	 0 	1 	 3 	3 	 5 	
A 	 5 	1 	 0 	1 	 3 	1 	 5 	2 	 3 	1 	 0 	3 	 3 	1 	 4 	5 	 0 	
B 	 1 	5 	 0 	5 	 4 	2 	 3 	3 	 4 	
B 	 2 	1 	 5 	4 	 3 	5 	 5 	3 	 4 	2 	 5 	
B 	 3 	15 	 5 	
B 	 4 	10 	 5 	5 	 3 	
B 	 5 	1 	 3 	9 	 4 	5 	 0 	
C 	 1 	5 	 0 	2 	 4 	3 	 2 	2 	 4 	3 	 2 	
C 	 2 	1 	 3 	2 	 4 	2 	 2 	4 	 3 	1 	 4 	3 	 5 	1 	 3 	1 	 4 	
C 	 3 	3 	 5 	2 	 3 	8 	 5 	2 	 3 	
C 	 4 	3 	 5 	1 	 3 	1 	 4 	4 	 3 	1 	 4 	1 	 3 	1 	 4 	3 	 2 	
C 	 5 	2 	 4 	3 	 2 	2 	 4 	3 	 2 	5 	 0 	
D 	 1 	5 	 0 	4 	 2 	1 	 0 	4 	 2 	1 	 0 	
D 	 2 	4 	 2 	1 	 0 	4 	 2 	1 	 0 	1 	 4 	1 	 2 	1 	 3 	1 	 2 	1 	 0 	
D 	 3 	1 	 3 	3 	 2 	1 	 0 	1 	 3 	3 	 2 	1 	 0 	1 	 3 	3 	 2 	1 	 0 	
D 	 4 	2 	 2 	1 	 3 	1 	 2 	1 	 0 	4 	 2 	1 	 0 	4 	 2 	1 	 0 	
D 	 5 	4 	 2 	1 	 0 	4 	 2 	6 	 0 	
