A 	 1 	6 	 1 	4 	 5 	1 	 1 	4 	 3 	
A 	 2 	1 	 1 	4 	 3 	1 	 1 	4 	 3 	1 	 1 	4 	 3 	
A 	 3 	1 	 1 	1 	 3 	3 	 4 	1 	 1 	3 	 3 	1 	 4 	1 	 1 	1 	 3 	3 	 4 	
A 	 4 	1 	 1 	1 	 3 	1 	 4 	2 	 3 	1 	 1 	1 	 3 	3 	 4 	1 	 1 	4 	 3 	
A 	 5 	1 	 1 	1 	 3 	3 	 4 	1 	 1 	3 	 3 	1 	 4 	1 	 1 	1 	 3 	3 	 4 	
A 	 6 	1 	 1 	1 	 3 	1 	 4 	2 	 3 	1 	 1 	1 	 3 	3 	 4 	1 	 1 	4 	 3 	
A 	 7 	1 	 1 	4 	 3 	1 	 1 	4 	 3 	1 	 1 	4 	 3 	
A 	 8 	1 	 1 	3 	 3 	1 	 5 	1 	 1 	2 	 3 	2 	 5 	1 	 1 	1 	 3 	3 	 5 	
A 	 9 	1 	 1 	4 	 5 	1 	 1 	3 	 5 	1 	 4 	1 	 1 	2 	 5 	1 	 4 	1 	 0 	
A 	 10 	1 	 1 	1 	 5 	1 	 4 	2 	 0 	1 	 1 	1 	 5 	1 	 4 	2 	 0 	1 	 1 	1 	 5 	1 	 4 	2 	 0 	
A 	 11 	1 	 1 	2 	 5 	2 	 4 	1 	 1 	3 	 5 	1 	 4 	1 	 1 	4 	 5 	
A 	 12 	1 	 1 	4 	 5 	1 	 1 	4 	 5 	5 	 1 	
B 	 1 	5 	 1 	5 	 5 	5 	 3 	
B 	 2 	1 	 3 	3 	 4 	2 	 3 	1 	 4 	1 	 3 	1 	 4 	2 	 3 	1 	 4 	1 	 3 	1 	 4 	1 	 3 	
B 	 3 	1 	 3 	1 	 4 	1 	 3 	1 	 4 	2 	 3 	3 	 4 	6 	 3 	
B 	 4 	1 	 3 	3 	 4 	4 	 3 	1 	 4 	2 	 3 	3 	 4 	1 	 3 	
B 	 5 	1 	 3 	1 	 4 	4 	 3 	3 	 4 	6 	 3 	
B 	 6 	3 	 3 	2 	 5 	3 	 3 	2 	 5 	2 	 3 	3 	 5 	
B 	 7 	1 	 3 	8 	 5 	1 	 4 	3 	 5 	2 	 4 	
B 	 8 	2 	 5 	2 	 4 	1 	 3 	1 	 5 	1 	 4 	3 	 3 	1 	 5 	4 	 4 	
B 	 9 	2 	 4 	6 	 0 	1 	 4 	6 	 0 	
B 	 10 	4 	 0 	1 	 4 	2 	 0 	2 	 4 	1 	 5 	1 	 0 	2 	 4 	2 	 5 	
B 	 11 	2 	 0 	1 	 4 	2 	 5 	3 	 4 	3 	 5 	1 	 4 	3 	 5 	
B 	 12 	10 	 5 	5 	 1 	
C 	 1 	5 	 1 	5 	 5 	5 	 3 	
C 	 2 	4 	 3 	1 	 5 	3 	 3 	2 	 5 	3 	 3 	2 	 5 	
C 	 3 	2 	 3 	3 	 5 	1 	 3 	3 	 5 	1 	 1 	1 	 3 	2 	 5 	2 	 1 	
C 	 4 	3 	 5 	1 	 1 	1 	 2 	2 	 5 	2 	 1 	1 	 2 	1 	 5 	2 	 1 	2 	 2 	
C 	 5 	1 	 5 	2 	 1 	2 	 2 	1 	 5 	1 	 1 	3 	 2 	1 	 5 	1 	 1 	2 	 2 	1 	 4 	
C 	 6 	1 	 5 	1 	 1 	1 	 2 	2 	 4 	2 	 1 	2 	 4 	1 	 3 	1 	 1 	2 	 4 	2 	 3 	
C 	 7 	2 	 4 	3 	 3 	1 	 4 	3 	 3 	1 	 4 	2 	 3 	1 	 5 	2 	 4 	
C 	 8 	2 	 3 	1 	 4 	1 	 3 	1 	 4 	1 	 3 	3 	 4 	1 	 3 	2 	 4 	3 	 3 	
C 	 9 	2 	 4 	3 	 3 	2 	 0 	1 	 4 	2 	 3 	3 	 0 	2 	 4 	
C 	 10 	2 	 4 	3 	 0 	1 	 5 	2 	 4 	2 	 0 	1 	 5 	2 	 4 	2 	 0 	
C 	 11 	1 	 5 	1 	 4 	2 	 0 	2 	 4 	2 	 0 	2 	 4 	1 	 5 	2 	 4 	2 	 5 	
C 	 12 	10 	 5 	5 	 1 	
D 	 1 	5 	 1 	10 	 5 	
D 	 2 	4 	 5 	1 	 1 	2 	 5 	3 	 1 	1 	 5 	2 	 1 	2 	 2 	
D 	 3 	2 	 1 	3 	 2 	1 	 1 	9 	 2 	
D 	 4 	15 	 2 	
D 	 5 	3 	 2 	1 	 4 	3 	 2 	5 	 4 	3 	 3 	
D 	 6 	11 	 3 	1 	 5 	3 	 3 	
D 	 7 	1 	 4 	4 	 3 	1 	 5 	4 	 3 	1 	 5 	4 	 3 	
D 	 8 	15 	 3 	
D 	 9 	4 	 3 	2 	 4 	2 	 3 	1 	 4 	1 	 5 	1 	 0 	4 	 4 	
D 	 10 	1 	 0 	2 	 4 	2 	 2 	2 	 4 	3 	 2 	1 	 4 	1 	 1 	3 	 2 	
D 	 11 	1 	 5 	2 	 1 	2 	 2 	2 	 5 	3 	 1 	4 	 5 	1 	 1 	
D 	 12 	10 	 5 	5 	 1 	
E 	 1 	5 	 1 	4 	 5 	6 	 1 	
E 	 2 	1 	 1 	14 	 2 	
E 	 3 	15 	 2 	
E 	 4 	8 	 2 	1 	 4 	3 	 2 	3 	 4 	
E 	 5 	2 	 4 	13 	 3 	
E 	 6 	15 	 3 	
E 	 7 	12 	 3 	3 	 4 	
E 	 8 	4 	 3 	1 	 5 	6 	 3 	1 	 5 	3 	 4 	
E 	 9 	3 	 4 	7 	 5 	1 	 4 	4 	 5 	
E 	 10 	2 	 4 	3 	 5 	1 	 2 	2 	 4 	1 	 5 	1 	 4 	2 	 2 	2 	 4 	1 	 2 	
E 	 11 	2 	 2 	1 	 4 	7 	 2 	1 	 1 	4 	 2 	
E 	 12 	5 	 1 	4 	 5 	6 	 1 	
F 	 1 	10 	 1 	4 	 2 	1 	 1 	
F 	 2 	15 	 2 	
F 	 3 	13 	 2 	1 	 4 	1 	 2 	
F 	 4 	2 	 2 	5 	 4 	2 	 3 	1 	 5 	5 	 3 	
F 	 5 	9 	 3 	1 	 5 	1 	 3 	3 	 5 	1 	 4 	
F 	 6 	4 	 4 	1 	 5 	1 	 3 	4 	 5 	5 	 3 	
F 	 7 	2 	 3 	3 	 5 	6 	 4 	4 	 5 	
F 	 8 	5 	 5 	1 	 3 	4 	 5 	2 	 4 	3 	 5 	
F 	 9 	2 	 5 	2 	 4 	5 	 5 	1 	 4 	4 	 5 	1 	 4 	
F 	 10 	3 	 5 	5 	 4 	3 	 2 	1 	 4 	3 	 2 	
F 	 11 	15 	 2 	
F 	 12 	4 	 2 	11 	 1 	
G 	 1 	5 	 1 	5 	 5 	4 	 1 	1 	 5 	
G 	 2 	3 	 2 	2 	 1 	4 	 2 	1 	 1 	5 	 2 	
G 	 3 	15 	 2 	
G 	 4 	5 	 4 	5 	 5 	4 	 3 	1 	 5 	
G 	 5 	2 	 3 	8 	 5 	5 	 4 	
G 	 6 	10 	 5 	1 	 3 	4 	 5 	
G 	 7 	5 	 5 	3 	 4 	5 	 5 	2 	 4 	
G 	 8 	9 	 5 	1 	 4 	3 	 5 	1 	 4 	1 	 2 	
G 	 9 	2 	 5 	1 	 4 	2 	 2 	1 	 5 	1 	 4 	3 	 2 	1 	 4 	4 	 2 	
G 	 10 	15 	 2 	
G 	 11 	9 	 2 	1 	 1 	3 	 2 	2 	 1 	
G 	 12 	4 	 1 	6 	 5 	5 	 1 	
H 	 1 	5 	 1 	4 	 5 	1 	 1 	4 	 5 	1 	 1 	
H 	 2 	4 	 5 	3 	 1 	2 	 5 	1 	 1 	1 	 2 	2 	 1 	1 	 5 	1 	 1 	
H 	 3 	2 	 2 	3 	 1 	3 	 2 	2 	 1 	2 	 4 	2 	 2 	1 	 1 	
H 	 4 	2 	 5 	1 	 4 	1 	 2 	1 	 1 	2 	 5 	1 	 4 	1 	 2 	1 	 1 	2 	 5 	1 	 4 	1 	 2 	1 	 1 	
H 	 5 	1 	 5 	1 	 4 	2 	 2 	1 	 1 	1 	 5 	1 	 4 	2 	 2 	1 	 1 	3 	 4 	1 	 2 	1 	 1 	
H 	 6 	2 	 5 	1 	 4 	1 	 2 	1 	 1 	2 	 5 	1 	 4 	1 	 2 	1 	 1 	1 	 5 	1 	 4 	2 	 2 	1 	 1 	
H 	 7 	1 	 5 	1 	 4 	2 	 2 	1 	 1 	1 	 4 	3 	 2 	1 	 1 	4 	 2 	1 	 1 	
H 	 8 	1 	 4 	3 	 2 	1 	 1 	4 	 2 	1 	 1 	4 	 2 	1 	 1 	
H 	 9 	4 	 2 	1 	 1 	4 	 2 	1 	 1 	4 	 2 	1 	 1 	
H 	 10 	4 	 2 	1 	 1 	3 	 2 	2 	 1 	2 	 2 	3 	 1 	
H 	 11 	1 	 2 	2 	 1 	1 	 5 	3 	 1 	2 	 5 	1 	 1 	4 	 5 	1 	 1 	
H 	 12 	4 	 5 	1 	 1 	4 	 5 	6 	 1 	
