A 	 1 	6 	 4 	4 	 2 	1 	 4 	1 	 2 	3 	 1 	
A 	 2 	1 	 4 	1 	 2 	1 	 1 	2 	 0 	1 	 4 	1 	 2 	1 	 1 	2 	 0 	1 	 4 	1 	 2 	2 	 1 	1 	 0 	
A 	 3 	1 	 4 	1 	 2 	3 	 1 	1 	 4 	1 	 2 	3 	 1 	1 	 4 	1 	 2 	3 	 1 	
A 	 4 	1 	 4 	1 	 2 	3 	 1 	1 	 4 	1 	 2 	3 	 1 	1 	 4 	1 	 2 	3 	 1 	
A 	 5 	1 	 4 	1 	 2 	3 	 1 	1 	 4 	1 	 2 	1 	 1 	2 	 0 	1 	 4 	1 	 2 	1 	 1 	2 	 0 	
A 	 6 	1 	 4 	1 	 2 	2 	 1 	1 	 0 	1 	 4 	1 	 2 	3 	 1 	1 	 4 	1 	 2 	3 	 1 	
A 	 7 	1 	 4 	1 	 2 	3 	 1 	1 	 4 	1 	 2 	3 	 1 	1 	 4 	1 	 2 	3 	 1 	
A 	 8 	1 	 4 	1 	 2 	3 	 1 	1 	 4 	1 	 2 	3 	 1 	1 	 4 	1 	 2 	3 	 1 	
A 	 9 	1 	 4 	1 	 2 	3 	 1 	1 	 4 	1 	 2 	3 	 1 	1 	 4 	1 	 2 	3 	 1 	
A 	 10 	1 	 4 	4 	 2 	5 	 4 	5 	 3 	
B 	 1 	5 	 4 	5 	 2 	5 	 1 	
B 	 2 	14 	 0 	1 	 1 	
B 	 3 	3 	 0 	2 	 1 	3 	 0 	2 	 1 	3 	 0 	2 	 1 	
B 	 4 	3 	 0 	2 	 1 	3 	 0 	2 	 1 	3 	 0 	2 	 1 	
B 	 5 	4 	 0 	1 	 1 	10 	 0 	
B 	 6 	4 	 0 	1 	 1 	3 	 0 	2 	 1 	3 	 0 	2 	 1 	
B 	 7 	4 	 0 	2 	 1 	3 	 0 	2 	 1 	3 	 0 	1 	 1 	
B 	 8 	2 	 1 	3 	 0 	2 	 1 	3 	 0 	2 	 1 	3 	 0 	
B 	 9 	3 	 1 	2 	 0 	3 	 1 	2 	 0 	5 	 1 	
B 	 10 	5 	 2 	5 	 4 	5 	 3 	
C 	 1 	5 	 4 	5 	 2 	5 	 1 	
C 	 2 	15 	 1 	
C 	 3 	14 	 1 	1 	 0 	
C 	 4 	4 	 1 	1 	 0 	4 	 1 	1 	 0 	3 	 1 	2 	 0 	
C 	 5 	2 	 1 	13 	 0 	
C 	 6 	1 	 1 	4 	 0 	2 	 1 	2 	 0 	2 	 1 	3 	 0 	1 	 1 	
C 	 7 	1 	 1 	2 	 0 	2 	 1 	3 	 0 	2 	 1 	2 	 0 	3 	 1 	
C 	 8 	2 	 0 	3 	 1 	2 	 0 	3 	 1 	1 	 0 	4 	 1 	
C 	 9 	1 	 0 	14 	 1 	
C 	 10 	5 	 2 	5 	 4 	5 	 3 	
D 	 1 	5 	 4 	5 	 2 	5 	 1 	
D 	 2 	3 	 1 	2 	 0 	2 	 1 	3 	 0 	1 	 1 	4 	 0 	
D 	 3 	9 	 0 	1 	 1 	3 	 0 	2 	 1 	
D 	 4 	3 	 0 	2 	 1 	2 	 0 	3 	 1 	3 	 0 	2 	 1 	
D 	 5 	1 	 1 	4 	 0 	2 	 1 	8 	 0 	
D 	 6 	5 	 0 	1 	 1 	3 	 0 	2 	 1 	3 	 0 	1 	 1 	
D 	 7 	1 	 1 	3 	 0 	2 	 1 	4 	 0 	1 	 1 	4 	 0 	
D 	 8 	1 	 1 	3 	 0 	2 	 1 	3 	 0 	2 	 1 	3 	 0 	1 	 1 	
D 	 9 	10 	 0 	5 	 1 	
D 	 10 	5 	 2 	5 	 4 	5 	 3 	
E 	 1 	5 	 4 	5 	 2 	5 	 1 	
E 	 2 	3 	 0 	2 	 1 	4 	 0 	1 	 1 	1 	 0 	1 	 1 	3 	 0 	
E 	 3 	3 	 1 	2 	 0 	3 	 1 	2 	 0 	3 	 1 	2 	 0 	
E 	 4 	2 	 1 	3 	 0 	1 	 1 	9 	 0 	
E 	 5 	4 	 0 	1 	 1 	3 	 0 	2 	 1 	5 	 0 	
E 	 6 	5 	 0 	4 	 1 	1 	 0 	5 	 1 	
E 	 7 	1 	 1 	2 	 0 	2 	 1 	3 	 0 	2 	 1 	3 	 0 	2 	 1 	
E 	 8 	1 	 1 	2 	 0 	6 	 1 	1 	 0 	4 	 1 	1 	 0 	
E 	 9 	10 	 0 	5 	 1 	
E 	 10 	5 	 2 	5 	 4 	5 	 3 	
F 	 1 	4 	 4 	1 	 3 	3 	 2 	1 	 4 	1 	 3 	2 	 1 	1 	 2 	1 	 4 	1 	 3 	
F 	 2 	2 	 1 	1 	 2 	1 	 4 	1 	 3 	2 	 1 	1 	 2 	1 	 4 	1 	 3 	2 	 1 	1 	 2 	1 	 4 	1 	 3 	
F 	 3 	1 	 0 	1 	 1 	1 	 2 	1 	 4 	1 	 3 	1 	 0 	1 	 1 	1 	 2 	1 	 4 	1 	 3 	1 	 0 	1 	 1 	1 	 2 	1 	 4 	1 	 3 	
F 	 4 	1 	 0 	1 	 1 	1 	 2 	1 	 4 	1 	 3 	1 	 0 	1 	 1 	1 	 2 	1 	 4 	1 	 3 	2 	 1 	1 	 2 	1 	 4 	1 	 3 	
F 	 5 	2 	 1 	1 	 2 	1 	 4 	1 	 3 	2 	 1 	1 	 2 	1 	 4 	1 	 3 	1 	 0 	1 	 1 	1 	 2 	1 	 4 	1 	 3 	
F 	 6 	1 	 0 	1 	 1 	1 	 2 	1 	 4 	1 	 3 	1 	 0 	1 	 1 	1 	 2 	1 	 4 	1 	 3 	2 	 1 	1 	 2 	1 	 4 	1 	 3 	
F 	 7 	2 	 1 	1 	 2 	1 	 4 	1 	 3 	2 	 1 	1 	 2 	1 	 4 	1 	 3 	2 	 1 	1 	 2 	1 	 4 	1 	 3 	
F 	 8 	2 	 1 	1 	 2 	1 	 4 	1 	 3 	1 	 0 	1 	 1 	1 	 2 	1 	 4 	1 	 3 	1 	 0 	1 	 1 	1 	 2 	1 	 4 	1 	 3 	
F 	 9 	1 	 0 	1 	 1 	1 	 2 	1 	 4 	1 	 3 	1 	 0 	1 	 1 	1 	 2 	1 	 4 	1 	 3 	2 	 1 	1 	 2 	1 	 4 	1 	 3 	
F 	 10 	3 	 2 	1 	 4 	1 	 3 	4 	 4 	6 	 3 	
