A 	 1 	4 	 11 	1 	 4 	4 	 3 	1 	 4 	1 	 3 	3 	 6 	1 	 4 	
A 	 2 	1 	 3 	3 	 6 	1 	 4 	1 	 3 	4 	 6 	1 	 3 	4 	 6 	
A 	 3 	1 	 3 	4 	 6 	1 	 3 	2 	 6 	1 	 2 	1 	 6 	1 	 3 	2 	 6 	1 	 2 	1 	 6 	
A 	 4 	1 	 3 	1 	 6 	1 	 8 	2 	 2 	1 	 3 	1 	 6 	3 	 8 	1 	 3 	1 	 6 	3 	 8 	
A 	 5 	1 	 3 	1 	 6 	2 	 1 	1 	 8 	1 	 3 	1 	 6 	1 	 8 	2 	 1 	5 	 3 	
B 	 1 	5 	 11 	5 	 3 	5 	 6 	
B 	 2 	6 	 6 	1 	 8 	4 	 6 	2 	 8 	2 	 6 	
B 	 3 	1 	 6 	1 	 8 	1 	 1 	1 	 6 	1 	 5 	1 	 4 	2 	 1 	2 	 5 	1 	 4 	1 	 1 	1 	 8 	2 	 2 	
B 	 4 	1 	 4 	1 	 2 	2 	 8 	1 	 7 	1 	 4 	1 	 2 	1 	 8 	1 	 10 	1 	 7 	1 	 5 	2 	 2 	1 	 10 	1 	 9 	
B 	 5 	2 	 5 	1 	 2 	1 	 10 	1 	 9 	1 	 8 	1 	 5 	1 	 2 	1 	 10 	1 	 9 	5 	 3 	
C 	 1 	5 	 11 	2 	 3 	1 	 11 	1 	 0 	1 	 11 	1 	 6 	1 	 3 	3 	 11 	
C 	 2 	1 	 6 	1 	 3 	1 	 11 	1 	 0 	1 	 11 	1 	 6 	1 	 3 	3 	 11 	1 	 6 	1 	 3 	1 	 11 	1 	 0 	1 	 11 	
C 	 3 	1 	 5 	1 	 3 	3 	 11 	1 	 2 	1 	 3 	1 	 11 	1 	 0 	1 	 11 	1 	 2 	1 	 3 	3 	 11 	
C 	 4 	1 	 7 	1 	 3 	1 	 11 	1 	 0 	1 	 11 	1 	 7 	1 	 3 	3 	 11 	1 	 9 	1 	 3 	1 	 11 	1 	 0 	1 	 11 	
C 	 5 	1 	 9 	1 	 3 	3 	 11 	1 	 9 	1 	 3 	1 	 11 	1 	 0 	1 	 11 	2 	 3 	3 	 11 	
